0.000000 0.000000 0.000000 0.000000 0.000000 0.000000 0.000000 0.961764 0.000000 0.000000 
0.000000 0.000000 0.869844 0.000000 0.883527 0.000000 0.000000 0.000000 0.000000 0.000000 
0.000000 0.836162 0.000000 0.000000 0.956829 0.000000 0.000000 0.879733 0.000000 0.000000 
0.000000 0.000000 0.000000 0.811654 0.000000 0.000000 0.000000 0.000000 0.000000 0.000000 
0.966342 0.000000 0.942344 0.970945 0.000000 0.000000 0.000000 0.000000 0.000000 0.891669 
0.000000 0.000000 0.000000 0.000000 0.000000 0.999736 0.000000 0.846489 0.945930 0.000000 
0.000000 0.000000 0.000000 0.907812 0.000000 0.000000 0.916755 0.901310 0.000000 0.000000 
0.000000 0.824083 0.000000 0.000000 0.829534 0.969888 0.900185 0.000000 0.000000 0.000000 
0.000000 0.000000 0.929900 0.832882 0.000000 0.000000 0.000000 0.830430 0.000000 0.000000 
0.000000 0.000000 0.000000 0.000000 0.000000 0.000000 0.000000 0.000000 0.959483 0.000000 

0.320211 
0.787975 
0.489464 
0.424118 
0.157860 
0.147029 
0.112935 
0.096254 
0.748132 
0.848265 

[7,0][9,9]
[2,9][1,7]
[1,9][8,3]
[8,1][5,0]
[3,6][9,5]
[1,2][1,2]
[8,5][9,0]
[7,1][8,0]
[4,7][8,9]
[5,6][6,3]
