20.1424163892647279
2.3137529365394776
2.4752147789847054
32.0894777178486166
12.6233656301179682
12.3556947214228074
13.8230844328216325
1.3189939283208574
188.8531880152437168
24.5819129011720037
5.5508978131392759
5.5452657389414322
5.8763658838332367
6.0771421814480364
29.7183392041414045
5.9723728196282284
0.7132107228501277
166.2607444238417997
296.3633127982107567
302.3035406864377705
12794.4919782334036427
12658.0427410108059121
12664.2414825894538808
12805.5259201195494825
164.0919252541808930
7787.4860863739122578
9.4145009328265434
3.0332083163827446
9.7291448546080641
3.3002985356228591
13.8913379888402080
11.6204376813006451
0.6565667364031232
11.5726770541754718
3.0334022725148162
9.3740935903910891
3.2293928673483028
10.2467182277215496
7783.2960339193605250
2.8375726944545616
2.4270979901077561
104.1486728492294844
208.3917415429435493
242.3865633201353376
27.0098340480755716
70.4195025203013927
344.0595399957571772
135.1809208162005973
135.2182931256437826
73.5087016655372736
362.1157595725879332
139.8392190968133661
143.2106987047282018
613.4884971648261853
691.0276537128493146
586.1399072990975583
374.6257298589204083
523.8080222702362789
557.0416935038755355
387.2262842530525404
352.8851055551989475
993.9261968413599106
1020.8638360299829628
520.8259400252635487
579.3829012739120117
352.6792161588158478
363.1121491848293203
1022.5194321377656479
1021.4808340170542351
559.4927124890241430
710.5381266618443306
375.1278560117699499
501.3714167810182403
1051.8550019543054077
1975.6800399009007378
39.2675478451296129
224.6802271090286354
131.9579666642794393
18.5858640583150105
77.8360221128699834
1024.5328233361551611
81.6521559228064859
11.2038423427214866
2.4336851181780195
11.3265951933538407
2.6259200110847778
13.5709689691515720
17.0023485557583776
0.8734839833302497
13.2480720989780814
4.0655171331583206
7.3829800202720701
4.3233391938162073
8.0837500077078559
91.3341123072030143
4.1564701719417592
1.1627186256352287
84.3914749262660564
7.3987397312406031
4.0639060323369680
7.7619143480558064
4.4463250350799575
16.7675244673064547
8.3638938828303928
0.5934252157023466
12.0047691199478432
2.4335698260534548
11.1031645239372594
2.5931364169837154
12.1713034271775573
92.4610821926891191
1.9127888387961449
6.1640334639141763
128.4390937402241661
111.8065802201892609
380.1020203884281727
45.3420039846463112
181.2663475672408993
215.1674808369451739
266.7786994626667934
215.8578638065615394
600.9439078302709731
183.1082822654403515
9.7566523595716284
62.6777734687157277
18.7921577573789946
51.2033336036989866
25.2541048763054050
160.7539862958032018
29.1800274106935014
29.1772420723779113
235.1341813039788065
390.1102718220736847
58.0897097602911714
218.9288044630913532
39.8261164403544186
90.4210460915257102
58.0658788713339646
219.0686960765120261
39.8254290328739060
90.4481015761141833
26.6609376181963995
165.6836690645896795
31.0455177851201007
30.6218033555182778
259.3781199582493855
398.7923417322998034
60.7222591602039046
223.5798283853470139
41.7182690129058003
93.6323766717129757
62.5271447015600543
227.5491494062899278
42.6971237392284237
95.0668532127210284
268.3825092639747822
2091.6087946548123000
179.5166512097777911
513.1745912319765921
291.1161226346017088
2134.7610410647357639
342.7797445585285345
1777.0864131854073094
698.5755885521608661
684.5203414189015803
90.3493881781782875
1622.5548237478255942
129.2855447118355130
554.8092357224677471
145.8539447848457087
2006.2893642513927261
137.4835238956966634
145.9904861320841007
230.7132199276781819
1969.5890497991474604
351.7732437461071981
398.2225455580862672
152.3326792542613646
1595.2635233710323064
136.8322128866109040
294.3885925318195405
527.0750173659442908
83.3828437394417676
1564.6888022227008150
112.7066322186305598
231.7818904530600719
510.3572328748992391
386.5136058331449362
2969.0650602616415199
466.9769826831325190
437.0211105783441781
1033.6500318686000810
902.2383941708463908
447.4005085498982339
2985.3432095833786661
541.1016166589595286
425.4116267450693272
1065.1394495055440075
880.8308888842776696
143.4504872655072916
2005.6346701208378818
139.0159772733616137
136.6149866134422268
256.6801558215231012
1981.3640948727788782
406.5574562868389989
411.3076706521799224
83.2860163844947152
1564.9781443761946775
112.4017359507932241
231.7843550042078675
509.4741236503682558
86.7789285863948692
1592.5274085934738650
116.0286950925168128
239.4322884662522313
518.4383786917802581
448.0620143421900252
2987.9347453386103552
543.5539821810062904
425.7340505199633185
1071.5528692474972559
881.2836186539469736
450.3870766816010587
2980.9598057340072046
544.0368902236994018
433.2709950184114405
1065.0209770619921983
897.6115553570804195
158.7927754575346739
2086.9018876196419114
165.3503407265501721
147.9688726230159261
307.8817485638379026
2156.0830715005431557
454.3373670692523660
649.5824547203616248
89.8814347442954897
1634.1971251729430605
121.2950679222668100
246.1972355485449668
540.8637169592577720
204.0406855779346245
1745.3589611501702166
168.7385509207721839
512.7093756267614708
588.0820210623968478
461.0427680313481460
3049.5143467677044100
567.8584590950714528
443.8717675939575429
1135.5640895949620699
919.8730746521359833
3347.5476120877447102
3345.8590267666490945
1472.9469004272229995
1305.2442040870728306
1482.3686287781752071
1290.8152432225456323
14.2513798881713392
88.7922305111691372
9.6329018206695896
23.3487248375031484
197.1556210865792309
224.3765134443449085
157.3321684382220269
401.5454029370560534
60.1022211641377950
187.9899201081727824
38.0367045730273219
239.9408164683976850
74.6262762267797370
7.0647766066911650
52.6362750780921402
7.2703665958790351
19.1435641204798124
26.0510813075432672
98.5522162535264670
98.3826522619963271
129.1210788898910096
43.1264071036770957
132.1442206011774090
40.5829651230124000
3046.0905714766277015
394.3235593328182631
1104.3645321079065980
907.5289342057108115
495.2305436942392021
422.5234789571684928
38.5351320535860680
11.8737161066677572
2.2921895692490741
11.8329571362555459
2.4623827637882223
13.5901124385055567
21.9510383889264240
1.0495133989400816
16.7145720209772897
4.7497262890560510
6.4269298683770559
5.0426370273044112
7.0423562958094363
48.3361195808800872
4.9934333967411551
0.8789305510448443
292.9575435202187350
8.4053387293956749
3.4922310403843313
8.7586387865405602
3.8120473707462192
14.7561870608301025
9.8459545253778540
0.6055744676424555
11.7193079407211656
2.6800831538862271
10.3081473986102168
2.8539962291996250
11.2710145649879507
315.3584917550323894
2.3304658127335149
3.7803242464377877
298.1629445218680416
10.3720323897482576
2.6801280453231593
10.6111141249988368
2.9046036733557510
13.6081598091666116
13.8742002250665202
0.7452659739161795
11.8953313184114098
3.4929291428501625
8.3799517256662526
3.7174812022216046
9.1662048804955720
307.9549469220291371
3.4409012176937321
1.6353064355057818
42.3211027638094990
6.4365114859686425
4.7465824741852751
6.7880007601263062
5.2002738433680387
21.0016041436899457
7.0857156904109431
0.6251164200204400
12.2532968550937955
2.2921055450785337
11.7141107230023280
2.4460379443745004
12.9242232013198812
49.8665386450509018
1.5710177652896553
10.5673625409763936
104.8827094358796899
118.2780205242552825
211.8564862325827391
56.0116791725386420
135.4469203463727354
100.9259757148529673
1072.7514486326381302
179.1746088946171653
459.7250077403713249
223.2998636768945175
19.1353626054263053
75.8698677658068306
31.8063273491536656
75.3142447627678706
178.9159007895956677
193.1563184153066572
196.2093910188592361
218.3671077574436197
174.3089203511662504
269.7314400405763308
331.2847881726395940
197.1226295516441951
226.0991600551570571
155.7209762682681173
1688.3187500146955244
311.1601106403051631
716.6442658849866802
556.9958632381043344
407.9388898648141435
142.3328680115128009
218.5997085448884718
136.0255190312408615
248.2248638534842655
178.0058846060038604
303.2572234773579680
4.4822365155577302
17.0542134056930941
5.8285934528455892
99.7253782473055423
41.0096626082215181
83.4945723982374801
12.1554304043666939
23.0955624996879934
8.1635401189601602
28.7006207511894011
13.1872254719319226
72.8061305333778108
36.6209015718069892
74.3384936364474385
49.6868008896365438
54.7587933562708855
33.3415725179811631
12.2855958349608549
43.6700819750515166
12.6986173075328139
12.6981301474582740
226.0133882635636837
108.6422048211712479
15.5224765333510888
46.2761942884425821
13.7726813414745308
26.7497404541886432
15.5222855598912286
46.2712032211898432
13.7720028252803584
26.7480130332591060
199.1002072948691648
288.2314585355392182
357.7630444819066611
383.7007092707093534
29.7395490696133216
93.4249317244079975
25.0873166842429391
253.1015454892573473
179.3334514259325942
178.7268866548228061
17.9719867275166223
75.2533159785040624
21.1461671108277045
33.9857791732077104
48.5393872902081540
77.5667375999855864
109.6978672934495620
120.0917324107362987
53.1366363892291673
143.0346297683637999
62.8635021602446571
29.7161205803882602
93.4214799485308589
25.0754745418608067
253.2403241879359825
179.4252425633209782
178.7940740335778571
17.9705056760596946
75.2613605396126673
21.1410667776274366
33.9882965018989722
48.5310183739548080
77.5801552151852576
109.7347224443536788
120.1227638315622954
53.1461983097289732
143.0985133457989491
62.8750714843957752
13.0292001216864914
45.8591466121091926
13.5156351826876939
13.4232094787919145
231.5635180695252302
112.6938848719865973
16.6608045305243913
48.7718483181564366
14.7208399027614423
28.3329514212533837
16.3580649222451271
48.3966586669818497
14.5290611634647568
28.1282547936286313
217.3585415690957348
311.1395848708992276
364.4193936980358330
396.3672685970786915
31.2072277598390180
97.2043224348121129
26.3769822900643689
257.6504235456608285
184.2760159782268943
183.1509187184507255
18.9299168033835521
78.3589544017649331
22.2588528382512827
35.6160488632789480
50.7942462171882738
80.5587334736746072
113.4676349702089340
123.9055976573637565
55.4132898450112492
147.1265151475408857
65.4724642177069285
32.2188261019907998
99.8165126061886809
27.1535632222173575
260.5991863743947192
188.2099391614272577
184.9767942475706661
19.3620504904783672
80.2297303709725469
22.8454379056320889
36.3007304601890297
52.1553675406914650
81.2213070249787989
115.8004623261869455
125.0159186133098501
56.2184623142122888
149.5343524552286283
66.7748604100026313
169.2904592246444793
387.7883067791242979
119.5165422190460731
276.6201537968222510
4565.0765675638122048
1082.5046228070054894
75.9743893965638080
346.7157761123730779
92.7047584915907663
217.0673876186772020
1133.1002423327274755
449.0991203684638435
523.5086245820024260
365.0131429966710357
217.1027241894593089
433.7435816829223540
4458.8000627252549748
1168.1301332149380414
206.6083936730640289
433.3978093091607775
368.1701848805036548
3942.8671916931384658
945.4313013409699806
2099.0105180263817601
1711.6287351463104187
506.8138409420153039
754.5533358040755729
676.4132611539788513
496.7310905235210612
674.5406027499468564
649.2072987955119743
1144.4186845301908306
510.0636899890260452
1077.5688439789817039
537.3758047047920172
37.9058421513985664
186.3800828461361050
45.3382334458099052
3842.5893879742857280
761.5471266703469837
2026.1752667515966095
63.7302583171470260
225.6449539592481699
53.8678801470052022
154.3395015484432804
110.1826578756092232
606.0268875442272929
470.5509429012235501
1083.2094665052900382
314.2799417780609019
955.1993832646418241
272.8113555870270375
66.8518835842111088
279.5661990661321852
65.5151602664168706
67.5759106693365652
4465.5538970247271209
1001.2352924799166658
58.1228020839045172
278.1442572396369428
62.5009666750672750
146.2033954137544640
66.0229159846942366
284.0483623952122798
67.0191267229021577
150.1347722251690016
189.5399251924618511
335.8902963779730726
201.9036950548333493
226.4761599368816007
4312.5906277231042623
1008.7113258230722295
269.6314179736399979
451.6015193050376411
231.3052652408642302
280.5150650745113126
351.4361358860008977
472.6350048631576328
284.6994486660374832
304.4553451824007766
109.1898351406623391
222.7133818693577325
80.4962821041424803
190.1397006967898164
3785.8094227828901239
754.3668914124367575
1976.5579733668105291
65.8699976540324315
237.7712152672462764
69.2151066738259004
142.9621632111996234
139.6291062165413166
262.1045252414148194
338.8821063495074100
235.4471529306993318
222.0275831758719676
551.8091743751170952
463.7700387192884932
1033.9495679357605695
282.3317522412385188
929.8844533985555927
263.9266310151174935
34.9446319644118120
173.4252856285445432
40.7188313245233289
70.7989064828032042
3742.8260813184037943
726.3509418817233154
1954.0207111134104707
52.6749283106063544
206.1100307674059025
46.7741675378688910
128.2097086417340392
99.2993953986497502
178.2257871047686422
292.6479020794176336
118.3092005747098341
146.0080153927921174
543.5214681491785313
438.9335681436334085
1021.2909424637373377
269.8387432818282150
907.3218971514280611
243.4044538161865319
250.4263199066832613
611.4470779083551406
294.6928628940879662
293.8180199374141353
5734.8547797124647332
1673.3362196940613558
2901.2838444158242055
2652.4931728692358774
302.7415306637502681
711.0700907826183084
314.1541905326693609
424.3972772398199140
453.3958761438302076
287.8142125076926163
692.6206754407851349
304.7891456234232237
373.0163649875896112
447.1218754754034421
794.7408143094420439
1132.3297673733902684
1482.3573206288069741
589.7945827861231010
1819.9076650080085074
697.9479937376978569
621.1134852944283011
1086.8707578445441868
1246.7527547870604394
486.0206807823473127
1712.5006432124105231
630.8414131737010848
340.6460441529260379
651.8590432040831502
403.3270787045973407
329.7173282464801787
5752.0256742436849891
1692.4312443117805742
2921.1950621191876962
2626.3519504360733663
406.5984515986260135
760.4557899221543948
427.9020801910865544
488.8744156487143755
526.1302718568389309
243.6888160121333442
701.9167587131363462
299.0908428380334954
333.7681444767164862
467.9173671162015467
812.9618010606156986
1167.4504402172001392
1499.8226220369163002
627.8775103470461545
1846.8260158726529880
746.5397255716906102
589.8508549411807280
1086.3105469412903403
1219.6338919130159866
451.3405230317341648
1701.1338621662332571
614.4938444654818568
65.4416954931558621
276.5636168148540719
65.2311788468033313
64.6497963375482669
4467.4588378777625621
999.0000638531029153
59.2998299143250875
278.8858502695279071
63.0738614884112962
146.0286691008822686
57.7934310301692591
276.3908063261264942
61.9679073963487710
144.7480717377630981
208.4812600768721609
361.8686935821053794
237.5573943090942350
247.6876105062859210
4317.9662511654696573
1025.9441073422024147
354.9907128151487541
487.1703708546215239
291.0391947325812794
319.3102289752886236
365.5056009209776562
488.2858124363692127
303.4922313580198079
324.1779860111400353
34.9024511623001956
173.2629253999743923
40.6457327038714595
70.7479429552406174
3744.4187941917157332
726.2203071231468812
1954.0631686213623652
52.4725831699844818
205.7947343293128597
46.6511841125534232
127.6882666460384570
99.1232017801717120
178.2572955152317604
292.5804460344384665
118.2816210361607716
145.9322404885142532
541.8658892931520086
438.4878570356907517
1020.2306683422277729
268.8194965155561817
906.8811363389086182
242.8278572347940383
36.5871380300537155
179.4684712691928326
42.4523653342765428
73.8732425436826077
3788.3259766836440576
743.3498295851752573
1975.1850765607600806
54.2171206500237091
212.2274258759476595
48.4897403774156430
130.9284055571469878
102.8504926460013138
184.2464126469483290
301.8924527203130879
122.9575829713464117
151.4901765097593227
546.7101574101587858
449.2728303307163742
1030.0826385858106278
273.5150861085563179
923.2884460150598898
248.9093338899938885
340.9292183203102695
652.9868501245616699
403.8753728392970856
330.0288621433937806
5754.6687954274430012
1694.6155799590871993
2926.5150944403458197
2627.7010029121247499
408.5487789514310748
762.6593530646580348
428.9474057389504651
493.4513888710008018
527.4144185472307527
243.8112947259653538
702.6717685849004056
299.3197327396856053
333.9072539652260048
468.4390669502420792
825.1284988660416957
1170.7231001805573669
1508.7555151264934921
635.8375686048216266
1851.2200929628304493
750.7819644749639565
589.9002487316743100
1087.2978559759017116
1220.0664909677825563
451.4645800150421451
1702.3221996521053825
614.8986835187467932
344.9081375833212064
653.7265897294126944
407.5303247316758757
334.0584141326091867
5744.2137387616767228
1691.1931705743086241
2913.5648996890063245
2656.2922917499499817
415.7103484312788169
759.8141344361924894
433.5059388352470933
495.8649685202818205
528.0112267355899576
250.2153453892047139
708.5196918991500752
304.8163778316962862
342.6426632692440535
472.8281750685321754
822.7788750071539425
1163.8242811807126600
1501.9477462909044334
634.7594121958182996
1839.9876161733945992
747.3463461722978991
604.9451209369631215
1096.5108727128474584
1243.0211478706555681
463.2519482057692812
1718.3841680270852521
625.9322507811950800
73.1870244436443613
301.8100954980806137
75.0294201047307467
71.1568330463357057
4578.2590036769424842
1056.0108342169394291
77.2792321835346030
311.3093598386473673
76.0744325706083231
165.8779363252698715
62.8431852216468698
297.9973247161798326
67.6391182519540166
157.8534116933871587
227.3968317749196899
453.0002642361852168
270.8916921031250240
296.9214691012685989
4485.8742090376672422
1187.7514638916538843
384.2428405841879453
566.1252447290252121
325.8136375708326682
374.7459952718951968
659.5876585747362242
669.5668330504942105
430.5244353828691715
436.8177647729003183
37.8888018658576229
185.7330350646399495
44.1253930069192037
76.2750437074889476
3865.2418504758320523
765.8095662865762279
2033.9826055589603584
56.9720268384219821
220.5304882596721257
50.6384149136588562
137.8699511344818234
106.9430665388708519
189.1145917845378790
311.0220502063550043
126.5583287060327109
156.3039818199273725
576.4806562062221928
465.8335593592654504
1072.7801491079849256
288.2779834713340392
954.5573302882796725
260.0879514235436432
136.3219404944497057
304.3847239578535095
102.6621018101532172
254.6234829374659512
3915.5066314098639850
895.6546725470449246
2075.7982810400585549
80.0358862789727823
299.4327442860184192
87.0083347286221311
167.9840343326711434
181.0617459766974946
544.0797411252783604
499.9486665557812444
371.9195699348250059
329.9987934452599916
597.4159077494061876
547.7609868258371080
1103.5165551152852004
317.9191658030431995
1026.8182305035268200
311.0180905256791561
349.4919729861343285
672.6443777719269974
414.5143832081556639
340.6608045530347226
5842.6264994351849964
1737.5670202279377463
3025.3136026304700863
2711.9687637691081363
430.0507101896519089
788.8193182049654979
443.7667186397947603
529.0374797337548216
544.2477155405580334
256.2642959905052180
726.7014488146246549
311.6275783873359728
351.4532459190910458
484.3442474073333415
922.7051428013764962
1210.9893482048653368
1613.9788403692516567
694.6582549275443625
1913.4303607270180692
790.1594692386041743
621.8293747029048291
1123.7476140660726287
1273.8577930491935604
475.6240008338442635
1757.8330742551415824
641.5681781662773346
5981.2769044044853217
2273.8234433366383200
3167.1244505677277630
2919.8473248548821175
5979.1347482702349225
2272.8701629554157080
3188.7176523048474337
2895.2350496823405592
1050.3827131543207543
1829.1266915549942951
1759.3313515767356421
975.6596357738033021
2254.0400804105661337
868.2931698403350538
1756.3890369600487702
1519.1510155821504213
809.8265801897780420
2137.7253343211255014
1063.6407747847811152
1832.8372525293550552
1777.1463623961149096
980.2870837520406440
2265.9453354441557167
1374.4274162472092939
834.7387230263267384
1751.4225289301227804
1492.7957876590098749
798.0691465980354451
2122.6956829593818838
1222.0910957918097210
6.9691397879146537
24.4987434928398677
5.7236605391505542
8.6917034352795799
124.6720130324769826
60.2512860990501693
4.0852763865609516
19.7355303715511745
4.7719721467113025
11.7628657899344820
13.6161135723222397
32.1805224227494477
10.8880636259514478
18.4313632976408002
188.7768606218158141
210.7770442694434792
175.1702562130138290
235.6520529621368212
200.4401401726248935
231.6062925597174456
167.4479413469941846
175.3161324788010518
169.1816364668778476
174.8505547721903497
533.6388222680345734
299.0021517657963841
338.9825827361607935
264.9255997639906468
31.4781445801839332
94.1904186875115386
25.8314216184141827
75.0503795101668771
186.4105150225626915
167.0388221597189329
129.2300999213050261
16.9652063029148366
72.6822302592035783
20.9988094578756765
30.2167952858616502
48.6045798263302160
307.2204299050424083
180.4957880058178716
154.2533003947318946
122.5776871321144768
54.4157030024984039
100.5268285985464445
85.4221462302437686
43.1423466847026731
120.3530189536039785
56.7196974952237198
3.7577847730854090
11.5063679418696232
3.4271496594086983
8.0111086458736462
92.3215483641368024
30.7757969646659717
67.9413143589771096
3.6266811305710052
12.0889404620566765
3.4022852837448059
8.2847810651990805
6.9549338968891350
21.9170524371932700
18.1563756569866470
13.8550526708032393
12.1444651876683452
32.0223681355646974
21.5535575988987667
47.6423378311612993
16.4845172451695490
37.8016070614002189
13.9006043368483461
125.9251817081003679
82.8919600379527708
145.2778448629697721
78.5503319597847280
125.1277775631383093
82.9090218485654304
148.5587605087015675
74.2725418606224821
165.5161437555974828
100.2963276659199181
158.9091020881977556
142.8196644498639785
114.4603406166745003
33.3350379845104072
57.5997663388054235
50.5767127159929970
28.9342477640632900
64.6712918686117320
173.2506712128853508
100.9926473295144689
165.0050161944522245
145.3582717516776768
116.5129936880013588
120.7325299041935267
28.0070375008665131
56.9334809143961706
44.9094398767535381
27.2856406804602720
62.4877301661907794
39.9052765798033633
5847.3101391509580935
1723.2117945474008138
3008.2040207863847172
2698.5595657535754981
252.0540367247351980
628.5617073349931161
304.4744888698598970
287.1412470847450891
894.7868126479903594
1181.3322000560019660
1590.6101800542508045
652.5251374682353571
1894.0548530553826367
614.8265664112076365
1106.9310304963803446
1262.4756223305753338
466.3083117108811280
1745.6093422290709896
326.0680966595514292
741.9596528382242013
330.9323227966187915
463.2254335177911457
471.6932229523161482
743.3228548060858429
240.1023196892323313
701.3735820351568009
282.3073244529630870
339.2135905582781561
446.9201717872241488
625.9034920594358482
