0.000000
0.000000
0.000000
0.000000
0.000000
0.000000
0.000000
0.000000
0.000000
0.000000
0.000000
0.000000
0.000000
0.000000
0.000000
0.000000
0.000000
0.000000
0.000000
0.000000
0.000000
0.000000
0.000000
0.000000
0.000000
0.000000
0.000000
0.000000
0.000000
0.000000
0.000000
0.000000
0.000000
0.000000
0.000000
0.000000
0.000000
0.000000
0.000000
0.000000
0.000000
0.000000
0.000000
0.000000
0.000000
0.000000
0.000000
0.000000
0.000000
0.000000
0.000000
0.000000
0.000000
0.000000
0.000000
0.000000
0.000000
0.000000
0.000000
0.000000
0.000000
0.000000
0.000000
0.000000
0.000000
0.000000
0.000000
0.000000
0.000000
0.000000
0.000000
0.000000
0.000000
0.000000
0.000000
0.000000
0.000000
0.000000
0.000000
0.000000
0.000000
0.000000
0.000000
0.000000
0.000000
0.000000
0.000000
0.000000
0.000000
0.000000
0.000000
0.000000
0.000000
0.000000
0.000000
0.000000
0.000000
0.000000
0.000000
0.000000
0.000000
0.000000
0.000000
0.000000
0.000000
0.000000
0.000000
0.000000
0.000000
0.000000
0.000000
0.000000
0.000000
0.000000
0.000000
0.000000
0.000000
0.000000
0.000000
0.000000
0.000000
0.000000
0.000000
0.000000
0.000000
0.000000
0.000000
0.000000
0.000000
0.000000
0.000000
0.000000
0.000000
0.000000
0.000000
0.000000
0.000000
0.000000
0.000000
0.000000
0.000000
0.000000
0.000000
0.000000
0.000000
0.000000
0.000000
0.000000
0.000000
0.000000
0.000000
0.000000
0.000000
0.000000
0.000000
0.000000
0.000000
0.000000
0.000000
0.000000
0.000000
0.000000
0.000000
0.000000
0.000000
0.000000
0.000000
0.000000
0.000000
0.000000
0.000000
0.000000
0.000000
0.000000
0.000000
0.000000
0.000000
0.000000
0.000000
0.000000
0.000000
0.000000
0.000000
0.000000
0.000000
0.000000
0.000000
0.000000
0.000000
0.000000
0.000000
0.000000
0.000000
0.000000
0.000000
0.000000
0.000000
0.000000
0.000000
0.000000
0.000000
0.000000
0.000000
0.000000
0.000000
0.000000
0.000000
0.000000
0.000000
0.000000
0.000000
0.000000
0.000000
0.000000
0.000000
0.000000
0.000000
0.000000
0.000000
0.000000
0.000000
0.000000
0.000000
0.000000
0.000000
0.000000
0.000000
0.000000
0.000000
0.000000
0.000000
0.000000
0.000000
0.000000
0.000000
0.000000
0.000000
0.000000
0.000000
0.000000
0.000000
0.000000
0.000000
0.000000
0.000000
0.000000
0.000000
0.000000
0.000000
0.000000
0.000000
0.000000
0.000000
0.000000
0.000000
0.000000
0.000000
0.000000
0.000000
0.000000
0.000000
0.000000
0.000000
0.000000
0.000000
0.000000
0.000000
0.000000
0.000000
0.000000
0.000000
0.000000
0.000000
0.000000
0.000000
0.000000
0.000000
0.000000
0.000000
0.000000
0.000000
0.000000
0.000000
0.000000
0.000000
0.000000
0.000000
0.000000
0.000000
0.000000
0.000000
0.000000
0.000000
0.000000
0.000000
0.000000
0.000000
0.000000
0.000000
0.000000
0.000000
0.000000
0.000000
0.000000
0.000000
0.000000
0.000000
0.000000
0.000000
0.000000
0.000000
0.000000
0.000000
0.000000
0.000000
0.000000
0.000000
0.000000
0.000000
0.000000
0.000000
0.000000
0.000000
24.346772
40.970928
56.443917
91.135018
0.000000
0.000000
0.000000
0.000000
0.000000
0.000000
0.000000
0.000000
0.000000
0.000000
0.000000
0.000000
0.000000
0.000000
0.000000
0.000000
0.000000
0.000000
0.000000
0.000000
0.000000
0.000000
0.000000
0.000000
0.000000
0.000000
0.000000
0.000000
0.000000
0.000000
0.000000
0.000000
0.000000
0.000000
0.000000
0.000000
0.000000
0.000000
0.000000
0.000000
0.000000
0.000000
16.369747
29.703743
46.505690
66.974114
94.489475
139.057862
221.445854
398.784368
832.646141
3921.449494
490.942735
139.966715
0.000000
0.000000
0.000000
0.000000
0.000000
0.000000
0.000000
0.000000
0.000000
0.000000
0.000000
0.000000
0.000000
0.000000
0.000000
0.000000
0.000000
0.000000
0.000000
0.000000
0.000000
0.000000
0.000000
0.000000
0.000000
0.000000
0.000000
0.000000
0.000000
0.000000
0.000000
0.000000
0.000000
0.000000
0.000000
4.978771
15.330045
28.279531
43.689112
66.637770
95.356737
129.102830
169.182210
222.521387
307.275822
470.844080
833.513607
1276.217601
666.806179
326.159456
145.392577
63.887452
18.325379
0.000000
0.000000
0.000000
0.000000
0.000000
0.000000
0.000000
0.000000
0.000000
0.000000
0.000000
0.000000
0.000000
0.000000
0.000000
0.000000
0.000000
0.000000
0.000000
0.000000
0.000000
0.000000
0.000000
0.000000
0.000000
0.000000
0.000000
0.000000
0.000000
0.000000
0.000000
7.912666
17.604341
31.411349
51.952905
77.873623
109.204873
156.905192
211.070315
266.549996
322.204983
394.741099
493.233224
617.688017
656.081178
480.155782
307.279421
194.704108
120.567955
69.446089
34.759581
0.000000
0.000000
0.000000
0.000000
0.000000
0.000000
0.000000
0.000000
0.000000
0.000000
0.000000
0.000000
0.000000
0.000000
0.000000
0.000000
0.000000
0.000000
0.000000
0.000000
0.000000
0.000000
0.000000
0.000000
0.000000
0.000000
0.000000
0.000000
2.437833
8.619214
16.819198
29.919961
48.640532
77.060316
118.168898
169.669235
236.847322
329.191660
418.139216
484.959692
539.040529
568.223841
563.872247
510.496786
427.612357
328.258877
240.854315
172.513880
122.741953
79.221957
47.272346
14.707346
0.000000
0.000000
0.000000
0.000000
0.000000
0.000000
0.000000
0.000000
0.000000
0.000000
0.000000
0.000000
0.000000
0.000000
0.000000
0.000000
0.000000
0.000000
0.000000
0.000000
0.000000
0.000000
0.000000
0.000000
0.000000
2.220442
7.003129
14.364923
25.431958
41.511423
67.850689
105.267992
164.421851
248.702316
356.819405
486.681537
653.047550
770.867756
806.871833
757.354361
652.703644
572.897536
480.779102
386.718824
305.893532
246.159106
187.367784
138.369955
93.574967
54.599889
19.354523
0.000000
0.000000
0.000000
0.000000
0.000000
0.000000
0.000000
0.000000
0.000000
0.000000
0.000000
0.000000
0.000000
0.000000
0.000000
0.000000
0.000000
0.000000
0.000000
0.000000
0.000000
0.000000
0.000000
1.746742
5.527330
10.727121
19.254724
32.723678
53.037225
86.942273
139.558437
215.884442
340.756186
521.260744
759.078028
1028.622726
1291.393435
1318.403445
1117.853122
918.967503
747.995686
608.121889
500.168551
431.859080
359.794933
283.627196
219.363587
151.824800
100.788009
56.113704
17.904207
0.000000
0.000000
0.000000
0.000000
0.000000
0.000000
0.000000
0.000000
0.000000
0.000000
0.000000
0.000000
0.000000
0.000000
0.000000
0.000000
0.000000
0.000000
0.000000
0.000000
0.000000
0.843491
3.804836
7.979463
13.867977
23.555774
38.816315
63.412927
102.416195
172.066069
278.290633
439.793055
707.478871
1143.913751
1686.684229
2227.719260
2243.647198
1784.130885
1331.720554
1001.951544
810.292813
716.247902
637.421120
532.932325
447.216523
322.045209
236.533520
153.036354
95.776913
48.250608
0.000000
0.000000
0.000000
0.000000
0.000000
0.000000
0.000000
0.000000
0.000000
0.000000
0.000000
0.000000
0.000000
0.000000
0.000000
0.000000
0.000000
0.000000
0.000000
0.000000
0.000000
2.402294
5.336829
9.625331
16.525674
27.001170
44.077930
71.220926
115.218400
194.518705
327.048796
544.520159
893.954329
1544.077403
2717.417314
4054.305484
4050.016858
2795.383232
1774.303910
1318.305469
1124.269941
1037.658676
967.086951
870.662729
681.658721
500.277423
342.061796
225.586720
135.786895
76.655104
34.962845
0.000000
0.000000
0.000000
0.000000
0.000000
0.000000
0.000000
0.000000
0.000000
0.000000
0.000000
0.000000
0.000000
0.000000
0.000000
0.000000
0.000000
0.000000
0.000000
1.365079
3.501191
6.678322
11.276438
17.751767
29.236574
47.407940
76.379765
122.458675
207.235081
347.565615
589.532259
1023.966019
1791.695877
3519.760103
8403.532616
7987.252382
3555.614683
2141.733982
1649.325044
1511.045447
1568.330688
1593.041142
1455.563235
1040.542065
747.397783
480.970031
287.874810
183.879366
106.668935
53.153402
19.098437
0.000000
0.000000
0.000000
0.000000
0.000000
0.000000
0.000000
0.000000
0.000000
0.000000
0.000000
0.000000
0.000000
0.000000
0.000000
0.000000
0.000000
0.000000
2.440858
4.771071
7.697033
12.369038
19.721222
30.505804
47.654878
77.600508
123.849210
203.829777
345.790800
574.236470
968.925897
1710.070570
3021.632755
4843.021521
4893.372048
3256.938924
2218.702061
1873.307651
2054.881067
2547.990034
2964.159469
2404.127162
1676.656764
1002.711745
611.614229
382.010010
222.525407
124.990449
70.907131
32.316050
0.000000
0.000000
0.000000
0.000000
0.000000
0.000000
0.000000
0.000000
0.000000
0.000000
0.000000
0.000000
0.000000
0.000000
0.000000
0.000000
0.000000
1.521846
3.644296
6.120353
9.229632
13.525116
20.182687
31.198889
48.510692
75.134703
118.410145
187.461019
307.054311
514.187219
822.091886
1314.398401
2009.589388
2625.997706
2720.973620
2298.232637
1937.120649
2027.662567
2833.326837
4293.941343
6752.705237
4138.637487
2252.436880
1302.909280
738.497357
417.818404
245.340344
144.586256
81.374547
40.102404
14.051114
0.000000
0.000000
0.000000
0.000000
0.000000
0.000000
0.000000
0.000000
0.000000
0.000000
0.000000
0.000000
0.000000
0.000000
0.000000
0.000000
2.959806
5.457605
8.023745
11.139132
15.415634
21.652535
31.027932
46.300544
70.576180
107.316316
164.225771
256.092199
403.109880
619.067418
915.649550
1251.509276
1535.476808
1627.303453
1577.426061
1579.318547
1910.362890
2809.554865
5008.710487
11689.848754
4904.772982
2510.411361
1328.221583
733.905090
436.219420
255.513584
149.144069
84.987270
47.118462
20.212802
0.000000
0.000000
0.000000
0.000000
0.000000
0.000000
0.000000
0.000000
0.000000
0.000000
0.000000
0.000000
0.000000
0.000000
0.000000
1.540878
5.159209
8.168393
11.070831
14.206578
18.189068
23.981935
32.699460
45.532630
65.259344
95.349262
138.553045
204.250074
301.737455
439.776463
613.118654
791.929496
935.146523
1026.983907
1097.138987
1222.912289
1558.692687
2309.764738
3710.280676
4764.212712
3406.294510
2032.649794
1162.923636
688.225785
405.573036
241.435459
145.371935
87.420326
48.794330
23.128840
5.462849
0.000000
0.000000
0.000000
0.000000
0.000000
0.000000
0.000000
0.000000
0.000000
0.000000
0.000000
0.000000
0.000000
0.000000
3.909451
8.942904
12.700942
15.852529
19.121937
23.025853
28.215469
36.158676
47.559762
63.637639
86.670451
119.013671
163.340039
224.398567
307.689789
409.758813
512.999748
594.953719
671.223885
769.203642
903.364853
1155.634682
1624.104957
2165.037063
2365.662761
2114.679360
1423.678842
908.971887
566.254881
347.760534
219.348194
136.932739
82.085669
46.963292
23.922226
8.517960
0.000000
0.000000
0.000000
0.000000
0.000000
0.000000
0.000000
0.000000
0.000000
0.000000
0.000000
0.000000
0.000000
0.000000
8.531240
15.921704
20.931338
24.272283
27.223344
30.976484
36.096672
43.036867
53.654268
67.472092
85.214654
108.430628
138.837654
176.368322
222.789963
282.380819
344.784587
401.922680
463.467487
542.517680
643.943529
818.789396
1037.107492
1229.285867
1328.763701
1211.246948
926.846684
657.527187
436.899377
289.135044
187.969073
118.554098
72.956045
43.261699
23.932173
9.812759
0.000000
0.000000
0.000000
0.000000
0.000000
0.000000
0.000000
0.000000
0.000000
0.000000
0.000000
0.000000
0.000000
0.000000
17.418675
28.651289
34.776435
38.057969
40.096745
43.474316
49.239460
57.356069
67.357301
80.161841
94.577628
111.004166
129.885048
151.951490
177.876744
208.737041
246.421051
285.430301
331.790587
388.768121
456.422099
554.870515
664.190073
751.504134
779.667370
730.216468
613.545350
467.719058
330.401962
231.104254
155.146262
101.805674
64.574745
40.089170
22.971073
10.241894
0.000000
0.000000
0.000000
0.000000
0.000000
0.000000
0.000000
0.000000
0.000000
0.000000
0.000000
0.000000
0.000000
0.000000
35.168172
52.235793
58.341394
59.759137
59.807547
62.167409
69.126642
80.362862
94.400533
108.199708
122.543162
135.037687
145.201863
154.260987
164.105522
176.645345
194.200307
219.128899
252.534485
290.813155
345.128270
407.449890
468.898996
514.896623
530.407973
505.032318
436.123184
342.972155
261.204769
189.307824
131.962571
89.053520
58.959158
37.394781
21.974654
10.298240
0.000000
0.000000
0.000000
0.000000
0.000000
0.000000
0.000000
0.000000
0.000000
0.000000
0.000000
0.000000
0.000000
0.000000
72.367136
96.988740
98.719147
93.381129
88.673518
89.162343
97.911916
115.549923
137.912880
159.959166
176.783818
187.121276
190.480545
187.392372
180.610356
176.350876
178.097516
188.324956
211.307374
243.280267
284.390916
331.408352
377.490834
412.176566
421.357652
400.339571
353.130662
291.353908
227.672846
168.614838
119.923701
83.277246
56.114532
36.109844
21.461708
10.314085
0.000000
0.000000
0.000000
0.000000
0.000000
0.000000
0.000000
0.000000
0.000000
0.000000
0.000000
0.000000
0.000000
0.000000
134.476519
185.326456
180.327814
152.561911
128.725782
124.539717
139.075608
167.224003
202.866457
240.585774
271.782363
286.120366
278.110441
255.272134
229.097029
206.512319
192.520865
190.200436
202.027253
232.076101
273.759006
322.877814
371.923430
410.444934
423.223452
403.413411
355.749413
293.764118
229.295051
169.407376
120.009415
83.174076
56.018941
36.105610
21.483028
10.288532
0.000000
0.000000
0.000000
0.000000
0.000000
0.000000
0.000000
0.000000
0.000000
0.000000
0.000000
0.000000
0.000000
0.000000
288.108349
377.528305
312.081815
225.386879
174.504128
169.816307
193.579183
241.799432
305.650574
380.351326
438.495277
454.253065
430.277008
379.473124
319.004381
264.441705
226.102824
213.332485
221.322399
251.886570
307.585277
377.987561
450.865283
508.593384
532.852946
511.213781
444.415361
351.752446
266.610194
191.978481
133.020706
89.360023
58.742015
37.487810
21.996141
10.242528
0.000000
0.000000
0.000000
0.000000
0.000000
0.000000
0.000000
0.000000
0.000000
0.000000
0.000000
0.000000
0.000000
0.000000
681.538972
831.626114
492.165440
295.390346
228.726786
220.083145
261.856967
342.825695
465.866579
603.562043
728.906060
771.233778
716.208244
595.942351
461.389492
355.555867
285.924647
253.288236
259.053289
303.121928
389.105752
501.221621
643.672064
766.733303
818.160323
767.556906
632.149962
478.830607
341.981755
236.304266
157.033613
102.315392
64.315990
40.051893
23.019253
10.148632
0.000000
0.000000
0.000000
0.000000
0.000000
0.000000
0.000000
0.000000
0.000000
0.000000
0.000000
0.000000
0.000000
0.000000
4987.625050
1400.143313
577.229226
340.527119
262.160218
264.706981
330.533733
464.648878
667.597859
957.640562
1282.234162
1384.133321
1216.828005
955.558413
697.224925
473.506513
359.019790
303.577732
307.985402
371.812072
497.628408
735.746703
1002.561124
1259.846292
1415.991678
1300.202869
962.514007
665.275282
447.063304
292.975893
189.083172
118.576063
72.539358
42.851148
23.956872
9.676909
0.000000
0.000000
0.000000
0.000000
0.000000
0.000000
0.000000
0.000000
0.000000
0.000000
0.000000
0.000000
0.000000
0.000000
383.520057
646.340545
396.102107
294.579236
258.802379
287.571622
392.143995
592.901125
935.980542
1499.635318
2295.184343
2488.726227
2143.259128
1519.817100
966.904243
610.782345
433.210768
355.138708
358.798358
443.992184
635.566196
1001.730605
1575.031138
2202.735763
2507.219089
2252.890458
1482.008395
916.702574
562.917016
351.432462
216.593498
134.064557
80.057449
45.562772
23.265247
7.985898
0.000000
0.000000
0.000000
0.000000
0.000000
0.000000
0.000000
0.000000
0.000000
0.000000
0.000000
0.000000
0.000000
0.000000
84.371644
262.889988
244.174403
227.822150
235.072875
297.309365
443.545517
707.565931
1199.632369
2159.856753
3853.906448
4948.094262
3727.455002
2142.467114
1204.591900
723.616852
491.255698
396.427545
399.906189
501.287699
752.848385
1247.504780
2200.467457
3846.344780
5025.072403
3725.975832
2102.014617
1161.745616
676.646961
402.927404
239.368761
140.935392
84.341180
46.752641
21.903833
4.528656
0.000000
0.000000
0.000000
0.000000
0.000000
0.000000
0.000000
0.000000
0.000000
0.000000
0.000000
0.000000
0.000000
0.000000
0.000000
105.894192
145.978433
169.939212
207.333826
295.227444
456.545663
746.489263
1360.957423
2661.482334
6116.127067
12155.596551
4868.480316
2394.812673
1340.269263
769.320924
516.271417
411.072968
414.416143
525.590512
800.091463
1391.736139
2472.327462
4993.971746
12367.515590
5733.652289
2568.007076
1320.336501
711.476427
420.075858
250.424612
145.206958
80.953115
44.517203
18.490523
0.000000
0.000000
0.000000
0.000000
0.000000
0.000000
0.000000
0.000000
0.000000
0.000000
0.000000
0.000000
0.000000
0.000000
0.000000
0.000000
38.616566
86.579310
124.116949
178.380197
266.138577
428.667699
734.724352
1268.482081
2101.661780
3891.579891
5129.472382
3483.647006
2141.123906
1228.396760
726.753911
496.893959
393.559917
396.336603
504.723000
751.170159
1272.751128
2206.551966
3614.584008
5434.810276
3828.595097
1999.755622
1221.001395
705.798829
403.414665
232.024399
138.874844
77.849901
37.790920
12.095268
0.000000
0.000000
0.000000
0.000000
0.000000
0.000000
0.000000
0.000000
0.000000
0.000000
0.000000
0.000000
0.000000
0.000000
0.000000
0.000000
0.000000
47.571609
90.230903
139.958116
227.676745
372.018447
578.357233
939.784426
1548.267319
2053.747915
2466.197170
2015.185614
1419.686971
924.153181
608.562057
431.017524
348.262775
350.281977
437.576997
621.811588
945.217594
1451.048662
2053.272020
2503.553229
1989.449593
1518.795330
917.941991
550.636444
350.913909
207.323521
115.606715
66.407630
29.682819
0.000000
0.000000
0.000000
0.000000
0.000000
0.000000
0.000000
0.000000
0.000000
0.000000
0.000000
0.000000
0.000000
0.000000
0.000000
0.000000
0.000000
0.000000
21.948990
59.627233
109.853156
179.790271
274.981001
444.267756
676.869605
928.926467
1233.086667
1284.919110
1131.635704
891.239549
646.952445
462.052916
340.284634
287.928153
289.472236
345.654876
469.637904
655.328829
901.387263
1140.477838
1293.591781
1212.476762
913.712486
660.338529
430.768490
262.711408
165.328795
96.652161
47.708358
15.635047
0.000000
0.000000
0.000000
0.000000
0.000000
0.000000
0.000000
0.000000
0.000000
0.000000
0.000000
0.000000
0.000000
0.000000
0.000000
0.000000
0.000000
0.000000
0.000000
34.740672
74.331796
129.008907
206.262509
303.307138
439.083045
561.274189
703.708758
700.884808
664.030945
549.544348
430.412175
328.824589
258.875614
224.908995
225.947769
262.227411
335.340671
438.401980
552.812703
666.037388
699.087783
698.906897
548.650105
429.592630
292.941320
197.447044
121.115221
66.238866
29.321416
0.000000
0.000000
0.000000
0.000000
0.000000
0.000000
0.000000
0.000000
0.000000
0.000000
0.000000
0.000000
0.000000
0.000000
0.000000
0.000000
0.000000
0.000000
0.000000
0.000000
0.000000
44.181483
85.622814
135.856247
203.001162
265.106032
354.293165
396.720146
415.682511
391.175253
340.303403
285.597286
228.541290
186.899806
166.131021
166.724496
188.770570
231.932815
288.600987
344.430328
395.277762
414.466505
396.435761
348.637953
260.842613
197.208884
131.132686
80.523507
40.435037
0.000000
0.000000
0.000000
0.000000
0.000000
0.000000
0.000000
0.000000
0.000000
0.000000
0.000000
0.000000
0.000000
0.000000
0.000000
0.000000
0.000000
0.000000
0.000000
0.000000
0.000000
0.000000
13.416400
47.833019
84.283407
123.518671
168.568304
207.945390
231.174677
245.587308
233.204930
213.075414
184.742666
152.425738
129.696903
118.161257
118.393812
130.669182
154.085194
186.489511
213.998304
234.689542
246.367546
229.645928
205.221824
164.883139
120.664739
80.698542
45.104454
0.000000
0.000000
0.000000
0.000000
0.000000
0.000000
0.000000
0.000000
0.000000
0.000000
0.000000
0.000000
0.000000
0.000000
0.000000
0.000000
0.000000
0.000000
0.000000
0.000000
0.000000
0.000000
0.000000
0.000000
13.433904
42.634928
69.035315
98.164080
116.760300
137.624181
142.499507
139.986561
132.199796
115.621327
99.506166
87.373580
81.985179
82.072651
87.789560
100.316584
116.696484
132.403706
139.839574
142.662501
137.279412
115.263484
96.229881
66.660296
40.773470
0.000000
0.000000
0.000000
0.000000
0.000000
0.000000
0.000000
0.000000
0.000000
0.000000
0.000000
0.000000
0.000000
0.000000
0.000000
0.000000
0.000000
0.000000
0.000000
0.000000
0.000000
0.000000
0.000000
0.000000
0.000000
0.000000
0.000000
31.415511
48.857978
67.044456
77.299277
81.369602
83.849727
79.023381
70.791449
63.207110
57.860485
55.236954
55.271917
58.019035
63.491880
71.252145
79.015127
83.629811
80.844918
77.002445
66.377881
47.822847
30.026512
0.000000
0.000000
0.000000
0.000000
0.000000
0.000000
0.000000
0.000000
0.000000
0.000000
0.000000
0.000000
0.000000
0.000000
0.000000
0.000000
0.000000
0.000000
0.000000
0.000000
0.000000
0.000000
0.000000
0.000000
0.000000
0.000000
0.000000
0.000000
0.000000
18.095299
30.742278
38.122368
45.118028
46.753133
45.222285
42.271862
39.410591
36.930573
35.641069
35.708486
37.147937
39.761711
42.725634
45.106653
46.524112
44.723046
37.786541
30.243785
17.028674
0.000000
0.000000
0.000000
0.000000
0.000000
0.000000
0.000000
0.000000
0.000000
0.000000
0.000000
0.000000
0.000000
0.000000
0.000000
0.000000
0.000000
0.000000
0.000000
0.000000
0.000000
0.000000
0.000000
0.000000
0.000000
0.000000
0.000000
0.000000
0.000000
0.000000
0.000000
0.000000
13.824883
19.606914
22.438250
24.039561
23.959075
22.947236
21.913442
21.387676
21.415310
21.992728
23.082982
24.126339
23.926630
22.348438
19.239654
13.331397
0.000000
0.000000
0.000000
0.000000
0.000000
0.000000
0.000000
0.000000
0.000000
0.000000
0.000000
0.000000
0.000000
0.000000
0.000000
0.000000
0.000000
0.000000
0.000000
0.000000
0.000000
0.000000
0.000000
0.000000
0.000000
0.000000
0.000000
0.000000
0.000000
0.000000
0.000000
0.000000
0.000000
0.000000
0.000000
0.000000
6.159233
9.149040
10.269116
10.600502
10.609125
10.603305
10.604470
10.623426
10.621466
10.288129
8.989906
5.903623
0.000000
0.000000
0.000000
0.000000
0.000000
0.000000
0.000000
0.000000
0.000000
0.000000
0.000000
0.000000
0.000000
0.000000
0.000000
0.000000
0.000000
0.000000
0.000000
0.000000
0.000000
0.000000
0.000000
0.000000
0.000000
0.000000
0.000000
0.000000
0.000000
0.000000
0.000000
0.000000
0.000000
0.000000
0.000000
0.000000
0.000000
0.000000
0.000000
0.000000
0.000000
0.000000
0.000000
0.000000
0.000000
0.000000
0.000000
0.000000
0.000000
0.000000
0.000000
0.000000
0.000000
0.000000
0.000000
0.000000
0.000000
0.000000
0.000000
0.000000
0.000000
0.000000
0.000000
0.000000
0.000000
0.000000
0.000000
0.000000
0.000000
0.000000
0.000000
0.000000
0.000000
0.000000
0.000000
0.000000
0.000000
0.000000
0.000000
0.000000
0.000000
0.000000
0.000000
0.000000
0.000000
0.000000
0.000000
0.000000
0.000000
0.000000
0.000000
0.000000
0.000000
0.000000
0.000000
0.000000
0.000000
0.000000
0.000000
0.000000
0.000000
0.000000
0.000000
0.000000
0.000000
0.000000
0.000000
0.000000
0.000000
0.000000
0.000000
0.000000
0.000000
0.000000
0.000000
0.000000
0.000000
0.000000
0.000000
0.000000
0.000000
0.000000
0.000000
0.000000
0.000000
0.000000
0.000000
0.000000
0.000000
0.000000
0.000000
0.000000
0.000000
0.000000
0.000000
0.000000
0.000000
0.000000
0.000000
0.000000
0.000000
0.000000
0.000000
0.000000
0.000000
0.000000
0.000000
0.000000
0.000000
0.000000
0.000000
0.000000
0.000000
0.000000
0.000000
0.000000
0.000000
0.000000
0.000000
0.000000
0.000000
0.000000
0.000000
0.000000
0.000000
0.000000
0.000000
0.000000
0.000000
0.000000
0.000000
0.000000
0.000000
0.000000
0.000000
0.000000
0.000000
0.000000
0.000000
0.000000
0.000000
0.000000
0.000000
0.000000
0.000000
0.000000
0.000000
0.000000
0.000000
0.000000
0.000000
0.000000
0.000000
0.000000
0.000000
0.000000
0.000000
0.000000
0.000000
0.000000
0.000000
0.000000
0.000000
0.000000
0.000000
0.000000
0.000000
0.000000
0.000000
0.000000
0.000000
0.000000
0.000000
0.000000
0.000000
0.000000
0.000000
0.000000
0.000000
0.000000
0.000000
0.000000
0.000000
0.000000
0.000000
0.000000
0.000000
0.000000
0.000000
0.000000
0.000000
0.000000
0.000000
0.000000
0.000000
0.000000
0.000000
0.000000
0.000000
0.000000
0.000000
0.000000
0.000000
0.000000
0.000000
0.000000
0.000000
0.000000
0.000000
0.000000
0.000000
0.000000
0.000000
0.000000
0.000000
0.000000
0.000000
0.000000
0.000000
0.000000
0.000000
0.000000
0.000000
0.000000
0.000000
0.000000
0.000000
0.000000
0.000000
0.000000
0.000000
0.000000
0.000000
0.000000
0.000000
0.000000
0.000000
0.000000
0.000000
0.000000
0.000000
0.000000
0.000000
0.000000
0.000000
0.000000
0.000000
0.000000
0.000000
0.000000
0.000000
0.000000
0.000000
0.000000
0.000000
0.000000
0.000000
0.000000
0.000000
0.000000
0.000000
0.000000
0.000000
0.000000
0.000000
0.000000
0.000000
0.000000
0.000000
0.000000
0.000000
0.000000
0.000000
0.000000
0.000000
0.000000
0.000000
0.000000
0.000000
0.000000
0.000000
0.000000
0.000000
0.000000
0.000000
0.000000
0.000000
0.000000
0.000000
0.000000
0.000000
0.000000
0.000000
0.000000
0.000000
0.000000
0.000000
0.000000
0.000000
0.000000
0.000000
0.000000
0.000000
0.000000
0.000000
0.000000
0.000000
0.000000
0.000000
0.000000
0.000000
0.000000
0.000000
0.000000
0.000000
0.000000
0.000000
0.000000
0.000000
0.000000
0.000000
0.000000
0.000000
0.000000
0.000000
0.000000
0.000000
0.000000
0.000000
