0.000000
0.000000
0.000000
0.000000
0.000000
0.000000
0.000000
0.000000
0.000000
0.000000
0.000000
0.000000
0.000000
0.000000
0.000000
0.000000
0.000000
0.000000
0.000000
0.000000
0.000000
0.000000
0.000000
0.000000
0.000000
0.000000
0.000000
0.000000
0.000000
0.000000
0.000000
0.000000
0.000000
0.000000
0.000000
0.000000
0.000000
0.000000
0.000000
0.000000
0.000000
0.000000
0.000000
0.000000
0.000000
0.000000
0.000000
0.000000
0.000000
0.000000
0.000000
0.000000
0.000000
0.000000
0.000000
0.000000
0.000000
0.000000
0.000000
0.000000
0.000000
0.000000
0.000000
0.000000
0.000000
0.000000
0.000000
0.000000
0.000000
0.000000
0.000000
0.000000
0.000000
0.000000
0.000000
0.000000
0.000000
0.000000
0.000000
0.000000
0.000000
0.000000
0.000000
0.000000
0.000000
0.000000
0.000000
0.000000
0.000000
0.000000
0.000000
0.000000
0.000000
0.000000
0.000000
0.000000
0.000000
0.000000
0.000000
0.000000
0.000000
0.000000
0.000000
0.000000
0.000000
0.000000
0.000000
0.000000
0.000000
0.000000
0.000000
0.000000
0.000000
0.000000
0.000000
0.000000
0.000000
0.000000
0.000000
0.000000
0.000000
0.000000
0.000000
0.000000
0.000000
0.000000
0.000000
0.000000
0.000000
0.000000
0.000000
0.000000
0.000000
0.000000
0.000000
0.000000
0.000000
0.000000
0.000000
0.000000
0.000000
0.000000
0.000000
0.000000
0.000000
0.000000
0.000000
0.000000
0.000000
0.000000
0.000000
0.000000
0.000000
0.000000
0.000000
0.000000
0.000000
0.000000
0.000000
0.000000
0.000000
0.000000
0.000000
0.000000
0.000000
0.000000
0.000000
0.000000
0.000000
0.000000
0.000000
0.000000
0.000000
0.000000
0.000000
0.000000
0.000000
0.000000
0.000000
0.000000
0.000000
0.000000
0.000000
0.000000
0.000000
0.000000
0.000000
0.000000
0.000000
0.000000
0.000000
0.000000
0.000000
0.000000
0.000000
0.000000
0.000000
0.000000
0.000000
0.000000
0.000000
0.000000
0.000000
0.000000
0.000000
0.000000
0.000000
0.000000
0.000000
0.000000
0.000000
0.000000
0.000000
0.000000
0.000000
0.000000
0.000000
0.000000
0.000000
0.000000
0.000000
0.000000
0.000000
0.000000
0.000000
0.000000
0.000000
0.000000
0.000000
0.000000
0.000000
0.000000
0.000000
0.000000
0.000000
0.000000
0.000000
0.000000
0.000000
0.000000
0.000000
0.000000
0.000000
0.000000
0.000000
0.000000
0.000000
0.000000
0.000000
0.000000
0.000000
0.000000
0.000000
0.000000
0.000000
0.000000
0.000000
0.000000
0.000000
0.000000
0.000000
0.000000
0.000000
0.000000
0.000000
0.000000
0.000000
0.000000
0.000000
0.000000
0.000000
0.000000
0.000000
0.000000
0.000000
0.000000
0.000000
0.000000
0.000000
0.000000
0.000000
0.000000
0.000000
0.000000
0.000000
0.000000
0.000000
0.000000
0.000000
0.000000
0.000000
0.000000
0.000000
0.000000
0.000000
0.000000
0.000000
0.000000
0.000000
0.000000
0.000000
0.000000
0.000000
0.000000
0.000000
0.000000
0.000000
0.000000
0.000000
0.000000
0.000000
0.000000
0.000000
0.000000
0.000000
0.000000
0.000000
0.000000
0.000000
0.000000
0.000000
0.000000
0.000000
82.461457
179.469940
-214.352604
-1048.078232
0.000000
0.000000
0.000000
0.000000
0.000000
0.000000
0.000000
0.000000
0.000000
0.000000
0.000000
0.000000
0.000000
0.000000
0.000000
0.000000
0.000000
0.000000
0.000000
0.000000
0.000000
0.000000
0.000000
0.000000
0.000000
0.000000
0.000000
0.000000
0.000000
0.000000
0.000000
0.000000
0.000000
0.000000
0.000000
0.000000
0.000000
0.000000
0.000000
0.000000
0.000000
0.000000
51.779116
111.218634
165.102789
251.013268
337.273040
479.726486
85.903942
-141.920872
7864.837459
13712.889312
4680.664090
-937.999256
0.000000
0.000000
0.000000
0.000000
0.000000
0.000000
0.000000
0.000000
0.000000
0.000000
0.000000
0.000000
0.000000
0.000000
0.000000
0.000000
0.000000
0.000000
0.000000
0.000000
0.000000
0.000000
0.000000
0.000000
0.000000
0.000000
0.000000
0.000000
0.000000
0.000000
0.000000
0.000000
0.000000
0.000000
0.000000
14.917682
47.693053
108.533512
150.262049
243.906719
312.806560
444.563453
564.928820
751.324718
789.998549
1032.239156
5335.402091
7372.359721
949.338407
-5.702823
454.998037
216.477452
51.043750
0.000000
0.000000
0.000000
0.000000
0.000000
0.000000
0.000000
0.000000
0.000000
0.000000
0.000000
0.000000
0.000000
0.000000
0.000000
0.000000
0.000000
0.000000
0.000000
0.000000
0.000000
0.000000
0.000000
0.000000
0.000000
0.000000
0.000000
0.000000
0.000000
0.000000
0.000000
27.362669
58.288066
109.359605
167.573394
248.744982
340.874295
536.833823
774.248863
1000.926056
1230.947580
1494.814451
1723.601466
2237.840199
2775.554616
1836.546467
925.337915
613.287503
382.358120
221.850537
112.783603
0.000000
0.000000
0.000000
0.000000
0.000000
0.000000
0.000000
0.000000
0.000000
0.000000
0.000000
0.000000
0.000000
0.000000
0.000000
0.000000
0.000000
0.000000
0.000000
0.000000
0.000000
0.000000
0.000000
0.000000
0.000000
0.000000
0.000000
0.000000
7.606354
25.986191
61.547305
93.411162
154.094899
256.893284
390.673697
664.448348
856.956133
1287.578088
1513.309951
1785.237061
2022.210495
2036.576539
2531.327737
2419.188094
1490.977054
1122.641030
785.381292
552.825724
394.327307
288.149763
174.053122
46.416666
0.000000
0.000000
0.000000
0.000000
0.000000
0.000000
0.000000
0.000000
0.000000
0.000000
0.000000
0.000000
0.000000
0.000000
0.000000
0.000000
0.000000
0.000000
0.000000
0.000000
0.000000
0.000000
0.000000
0.000000
0.000000
7.327805
22.399985
47.956864
81.404868
131.907996
228.275388
379.357874
569.633374
859.068573
1177.078444
1611.959796
2398.809705
3051.676554
3145.740833
2738.983113
2174.961215
2062.821572
1646.944323
1341.063556
1095.063866
864.265629
629.709829
461.126805
345.221397
216.630381
72.146337
0.000000
0.000000
0.000000
0.000000
0.000000
0.000000
0.000000
0.000000
0.000000
0.000000
0.000000
0.000000
0.000000
0.000000
0.000000
0.000000
0.000000
0.000000
0.000000
0.000000
0.000000
0.000000
0.000000
5.631587
20.103357
33.674054
62.869793
112.987758
170.614864
307.951632
457.278604
703.385356
1220.162632
1797.018787
3192.965932
4138.057546
5454.432275
5548.496553
4470.349122
3778.863253
2687.245653
2113.683721
1634.301917
1460.686562
1252.657027
1124.277093
800.275430
515.449769
386.022216
235.993391
64.209569
0.000000
0.000000
0.000000
0.000000
0.000000
0.000000
0.000000
0.000000
0.000000
0.000000
0.000000
0.000000
0.000000
0.000000
0.000000
0.000000
0.000000
0.000000
0.000000
0.000000
0.000000
0.000000
14.563768
30.078482
45.593196
79.532591
136.548615
211.646522
341.811547
613.578648
940.269631
1730.619326
2440.614505
4183.221749
5724.303923
8121.762489
8084.253911
6104.437105
4892.264218
3581.932905
3051.119542
2602.848573
2244.745318
1765.909625
1618.844358
1301.273921
933.434002
547.690626
370.912258
194.133889
0.000000
0.000000
0.000000
0.000000
0.000000
0.000000
0.000000
0.000000
0.000000
0.000000
0.000000
0.000000
0.000000
0.000000
0.000000
0.000000
0.000000
0.000000
0.000000
0.000000
0.000000
9.033256
18.821407
31.139003
61.933723
97.426336
150.178767
238.356050
420.134314
676.426475
1182.297701
1933.593816
3016.648231
5596.614744
11273.324719
20140.680551
20103.171974
11062.891412
6532.708473
4531.271750
4053.609121
3615.742055
3901.734625
3274.449607
2503.716383
1805.107497
1410.756752
886.760583
463.413331
297.772683
139.163102
0.000000
0.000000
0.000000
0.000000
0.000000
0.000000
0.000000
0.000000
0.000000
0.000000
0.000000
0.000000
0.000000
0.000000
0.000000
0.000000
0.000000
0.000000
0.000000
4.294877
11.783268
21.895242
37.976996
66.758009
104.160590
169.207462
260.206997
461.068778
739.274303
1240.172055
2227.850826
3352.918913
7524.612916
12755.673365
28132.256517
27580.851968
12832.002071
8738.378220
5829.039974
5251.534911
5638.765116
5558.723932
5240.630748
4608.518469
3091.088764
1718.625814
1182.778503
665.288466
354.863885
193.448495
64.346402
0.000000
0.000000
0.000000
0.000000
0.000000
0.000000
0.000000
0.000000
0.000000
0.000000
0.000000
0.000000
0.000000
0.000000
0.000000
0.000000
0.000000
0.000000
8.423294
15.959015
24.360542
47.119218
69.928141
109.219266
195.860616
282.501966
467.315664
729.678674
1253.302725
2246.060984
3689.189595
7678.053197
11137.811507
20667.880594
20532.540538
12236.258558
9886.735532
7126.808197
8327.774408
8804.271784
13856.784566
8963.066232
6597.557959
4410.654354
2223.750749
1432.461519
913.124625
401.528412
252.753233
119.395900
0.000000
0.000000
0.000000
0.000000
0.000000
0.000000
0.000000
0.000000
0.000000
0.000000
0.000000
0.000000
0.000000
0.000000
0.000000
0.000000
0.000000
4.580227
12.041309
19.532492
31.621808
46.148855
68.689194
112.627651
176.505553
279.730999
448.895993
689.762312
1241.994519
2204.745405
3363.829210
4978.815695
7813.178772
8679.421260
9029.704005
8959.446503
7507.126784
8306.709754
11594.658340
16416.262933
25548.091073
19152.506570
7987.764123
4683.697914
2833.537770
1388.207243
880.983624
524.573780
258.142733
147.696832
49.511380
0.000000
0.000000
0.000000
0.000000
0.000000
0.000000
0.000000
0.000000
0.000000
0.000000
0.000000
0.000000
0.000000
0.000000
0.000000
0.000000
10.316849
18.227046
25.965484
38.470205
53.040928
74.079179
119.169043
167.001516
277.026034
452.123072
629.303654
1044.027906
1487.373146
2360.450935
3286.225917
4488.546038
5726.211716
6084.092868
5682.634448
5829.160866
7139.058677
10136.725567
20599.911905
33738.034723
22308.542812
10350.046988
4726.040880
3012.805344
1468.151984
902.195771
533.816350
267.293338
158.432165
65.272537
0.000000
0.000000
0.000000
0.000000
0.000000
0.000000
0.000000
0.000000
0.000000
0.000000
0.000000
0.000000
0.000000
0.000000
0.000000
3.976557
14.612494
25.248431
35.751449
47.248854
59.435278
86.454610
115.639769
165.196636
249.130537
358.090046
544.400291
741.805150
1166.484515
1613.136156
2244.618790
2975.020256
3494.116021
3851.997174
4055.706007
4604.214941
5563.729692
7913.952749
16609.047414
18326.396383
12493.859460
7332.461106
4085.920011
2439.939468
1562.112807
787.661009
535.649238
307.383349
157.343476
87.188723
17.033971
0.000000
0.000000
0.000000
0.000000
0.000000
0.000000
0.000000
0.000000
0.000000
0.000000
0.000000
0.000000
0.000000
0.000000
12.122259
32.501595
42.795814
53.417293
64.315122
78.305945
101.445289
130.443781
171.323567
243.679556
328.705409
436.830650
634.235508
790.997134
1178.831283
1413.073302
1895.414854
2072.086887
2327.631240
2768.334803
3354.596185
4362.282200
6175.564398
7307.339500
9024.688469
8892.095590
5497.868396
3065.452990
2084.088812
1171.833320
728.462165
456.759531
267.896558
147.737604
76.771147
26.718888
0.000000
0.000000
0.000000
0.000000
0.000000
0.000000
0.000000
0.000000
0.000000
0.000000
0.000000
0.000000
0.000000
0.000000
26.577792
46.969362
65.806241
75.926494
86.280962
103.966910
125.006617
146.524298
195.694987
244.951832
312.643537
394.681082
501.530537
632.715223
763.899909
1001.645954
1213.232884
1463.858779
1718.281193
1915.252343
2263.069322
2997.268893
3667.156584
4370.249311
4742.372371
4831.980290
3571.449579
2529.234507
1513.587126
1094.012510
671.719789
399.442707
264.837439
136.798855
83.931806
33.608259
0.000000
0.000000
0.000000
0.000000
0.000000
0.000000
0.000000
0.000000
0.000000
0.000000
0.000000
0.000000
0.000000
0.000000
45.195270
96.009854
112.344715
119.993380
129.631063
151.378031
174.162347
207.919508
260.359905
307.886895
351.676678
415.204707
476.845462
534.116289
654.459115
704.805906
904.054131
967.923787
1150.615169
1401.253405
1733.670297
1964.276468
2599.284985
2892.045234
3027.522108
3016.681846
2601.709709
1629.605039
1233.419116
820.271280
537.962302
342.279754
222.530814
134.406121
74.116971
34.532559
0.000000
0.000000
0.000000
0.000000
0.000000
0.000000
0.000000
0.000000
0.000000
0.000000
0.000000
0.000000
0.000000
0.000000
103.160349
159.532179
175.878207
182.481140
190.401306
216.848240
240.740156
309.354892
355.513009
404.137541
450.255675
492.837964
509.224897
544.077795
556.842120
607.188911
645.716498
765.800502
879.386894
981.504981
1189.413381
1420.019551
1621.025201
1832.121633
1940.135078
1837.991196
1731.003288
1360.587625
967.292072
696.110613
483.881485
301.882563
213.509430
126.349743
74.511479
36.239620
0.000000
0.000000
0.000000
0.000000
0.000000
0.000000
0.000000
0.000000
0.000000
0.000000
0.000000
0.000000
0.000000
0.000000
200.993894
298.868950
307.052982
279.450617
285.253706
315.271592
342.352980
445.213583
542.214611
598.065055
661.879281
689.838409
660.389781
665.647475
620.354661
595.144895
613.946853
616.095180
723.751854
835.210557
994.356850
1172.853746
1343.925604
1493.968119
1586.507426
1517.789094
1393.751531
1133.531974
865.189604
619.449601
442.815325
292.450966
197.363021
126.937645
71.974171
37.142870
0.000000
0.000000
0.000000
0.000000
0.000000
0.000000
0.000000
0.000000
0.000000
0.000000
0.000000
0.000000
0.000000
0.000000
-246.067421
154.239778
587.815292
559.859596
415.277461
445.295347
500.313327
604.682843
787.313102
980.531536
1044.348876
1092.954995
1063.506367
908.787411
841.374636
736.212886
660.192131
659.417965
689.468817
799.264989
970.239449
1162.074969
1340.836180
1528.239619
1620.778926
1559.318030
1435.280467
1162.997288
871.976825
628.055499
442.596191
292.231832
196.816166
126.390790
72.208786
36.782046
0.000000
0.000000
0.000000
0.000000
0.000000
0.000000
0.000000
0.000000
0.000000
0.000000
0.000000
0.000000
0.000000
0.000000
-574.499572
441.016350
946.879926
758.096601
570.553742
629.491741
697.359438
889.436627
1202.954516
1498.366282
1564.520158
1630.681329
1498.326548
1290.726933
1103.247369
915.988323
759.649807
734.447932
764.498785
844.069418
1065.632752
1304.419263
1537.767898
1776.600562
1914.518716
1832.869172
1748.768491
1370.593244
987.814367
697.634753
489.337832
300.989405
214.048308
127.107211
74.024919
36.293392
0.000000
0.000000
0.000000
0.000000
0.000000
0.000000
0.000000
0.000000
0.000000
0.000000
0.000000
0.000000
0.000000
0.000000
8057.449402
6394.550750
1691.515159
1512.233345
856.830148
779.798590
958.097599
1235.969959
1610.522682
2608.192777
2988.037723
2899.933202
2725.076779
2306.676577
1603.923927
1390.746931
993.715782
892.816463
914.477047
1058.900868
1497.135051
1745.983680
2494.387616
2909.352416
3088.467167
3156.407535
2700.816473
1663.933326
1251.809719
847.207614
534.106209
344.701114
219.017322
132.300866
74.477728
33.296302
0.000000
0.000000
0.000000
0.000000
0.000000
0.000000
0.000000
0.000000
0.000000
0.000000
0.000000
0.000000
0.000000
0.000000
15047.963911
8531.554570
2514.588952
1807.366585
1100.144218
1019.300199
1261.171088
1618.431814
2577.850670
3547.685777
5326.703391
5170.675534
4338.008932
3547.764740
2661.206239
1646.341774
1249.310624
1083.549094
1102.841288
1288.628367
1729.107949
2858.510872
3673.630551
4540.172957
5276.567032
5428.804745
3563.469517
2550.254358
1552.579362
1082.052698
681.808063
396.491893
266.004898
135.517904
83.530825
34.406573
0.000000
0.000000
0.000000
0.000000
0.000000
0.000000
0.000000
0.000000
0.000000
0.000000
0.000000
0.000000
0.000000
0.000000
5420.704283
551.613778
1372.068362
986.980471
878.970100
977.729959
1395.282488
2219.301898
3119.044449
6018.275273
9321.280474
9033.341462
7149.902375
5751.723057
3442.499060
2417.813704
1484.791295
1268.180196
1287.835812
1518.328179
2486.223168
3615.626091
5926.080033
7309.001136
9194.698247
9193.574945
5870.152191
3072.939982
2125.679751
1235.650233
714.397658
461.552754
259.936926
145.819046
76.966557
24.375503
0.000000
0.000000
0.000000
0.000000
0.000000
0.000000
0.000000
0.000000
0.000000
0.000000
0.000000
0.000000
0.000000
0.000000
-1130.792574
-267.125037
596.542500
769.715760
821.590348
975.817452
1658.821072
2445.757468
4196.040537
7351.682947
14441.459301
20276.647248
17251.978661
7092.274758
4315.162267
2786.634098
1737.099831
1451.991538
1474.549552
1761.904771
2871.134625
4490.855719
7273.766484
18124.454209
20413.890546
13825.575955
7191.052718
4013.059654
2360.269868
1503.949998
782.645937
513.616548
291.785801
149.200397
81.126150
0.000000
0.000000
0.000000
0.000000
0.000000
0.000000
0.000000
0.000000
0.000000
0.000000
0.000000
0.000000
0.000000
0.000000
0.000000
0.000000
326.024675
447.253395
553.372304
733.750731
1038.129859
1552.827841
3196.201998
4839.576155
12371.044091
24160.426645
34225.250745
19149.349154
8989.645252
4861.859668
2974.605755
1876.328727
1558.554266
1581.112279
1899.036980
3049.315454
5124.528470
9157.856438
20008.544163
34604.096407
23524.799827
11725.992065
4732.171045
3061.662188
1407.958871
891.234353
534.793093
252.417908
155.078510
59.815806
0.000000
0.000000
0.000000
0.000000
0.000000
0.000000
0.000000
0.000000
0.000000
0.000000
0.000000
0.000000
0.000000
0.000000
0.000000
0.000000
153.350092
267.461486
399.992235
628.573673
936.184767
1430.607140
2754.282663
4654.360315
7381.942168
18001.958783
22483.331281
12840.747481
8907.956443
5017.076694
3021.713982
1797.070751
1506.085328
1524.550391
1817.159925
3104.073446
5272.717682
9083.915314
13377.619411
23023.344341
17681.446608
6776.302510
4522.483174
2635.478712
1345.557819
834.473715
485.968940
247.613292
135.841565
41.107742
0.000000
0.000000
0.000000
0.000000
0.000000
0.000000
0.000000
0.000000
0.000000
0.000000
0.000000
0.000000
0.000000
0.000000
0.000000
0.000000
0.000000
149.662530
295.816491
454.043538
923.597088
1393.150637
2056.154281
4150.836312
6188.922095
7068.730164
10741.411816
7121.838108
5575.838706
3513.928288
2610.579846
1712.105837
1387.963822
1406.428885
1731.952592
2668.472850
3545.357235
5748.650294
7133.382731
11274.279618
6741.559768
6114.351785
4022.340083
1917.024803
1331.707008
845.800853
367.481674
241.112318
113.620990
0.000000
0.000000
0.000000
0.000000
0.000000
0.000000
0.000000
0.000000
0.000000
0.000000
0.000000
0.000000
0.000000
0.000000
0.000000
0.000000
0.000000
0.000000
66.746943
215.824342
374.844958
649.459288
1132.377346
1624.463471
2789.710326
4091.439948
4455.148107
4560.607772
3941.994970
2988.357259
2495.767381
1600.532231
1347.501087
1135.100979
1147.064246
1360.538640
1622.519651
2525.448719
3017.627075
3950.526799
4604.162760
4452.232701
4016.502163
2709.910668
1581.277121
1083.335254
590.949055
330.948491
176.051654
50.311498
0.000000
0.000000
0.000000
0.000000
0.000000
0.000000
0.000000
0.000000
0.000000
0.000000
0.000000
0.000000
0.000000
0.000000
0.000000
0.000000
0.000000
0.000000
0.000000
130.634614
286.173311
444.764008
808.750309
1283.573323
1592.876511
1993.957801
2640.843690
2937.118537
2326.572381
2042.308885
1486.650725
1213.213440
962.836057
857.055290
860.519512
975.140340
1228.619472
1518.129201
2073.849154
2321.867729
2979.934100
2603.619891
1918.652540
1573.681185
1254.670136
767.487578
418.333582
263.478834
114.205020
0.000000
0.000000
0.000000
0.000000
0.000000
0.000000
0.000000
0.000000
0.000000
0.000000
0.000000
0.000000
0.000000
0.000000
0.000000
0.000000
0.000000
0.000000
0.000000
0.000000
0.000000
177.874318
337.844644
494.359007
794.567368
1092.076434
1328.563375
1312.380651
1391.325944
1492.879038
1174.587886
1066.972788
815.764041
682.201469
612.462413
616.399684
686.365265
830.324065
1069.071003
1205.509568
1487.594039
1385.364166
1313.758950
1312.303429
1075.559789
768.256766
479.166965
323.430874
164.663952
0.000000
0.000000
0.000000
0.000000
0.000000
0.000000
0.000000
0.000000
0.000000
0.000000
0.000000
0.000000
0.000000
0.000000
0.000000
0.000000
0.000000
0.000000
0.000000
0.000000
0.000000
0.000000
47.462789
204.086592
335.352971
423.096314
605.972811
855.673151
820.575258
859.852109
755.299355
701.671383
669.666460
523.840691
478.183963
435.239229
435.561468
482.186099
526.016217
677.555183
703.183824
760.874288
865.062270
815.766619
840.164420
589.652980
414.456878
324.856550
193.611240
0.000000
0.000000
0.000000
0.000000
0.000000
0.000000
0.000000
0.000000
0.000000
0.000000
0.000000
0.000000
0.000000
0.000000
0.000000
0.000000
0.000000
0.000000
0.000000
0.000000
0.000000
0.000000
0.000000
0.000000
47.085372
173.675971
269.590899
329.211844
371.753066
490.054914
517.793284
506.384634
443.970170
384.472497
333.007988
294.499328
289.061321
289.383561
294.868372
335.906721
387.372815
449.336415
504.098584
523.167346
482.873183
368.025411
325.768025
262.178067
166.675131
0.000000
0.000000
0.000000
0.000000
0.000000
0.000000
0.000000
0.000000
0.000000
0.000000
0.000000
0.000000
0.000000
0.000000
0.000000
0.000000
0.000000
0.000000
0.000000
0.000000
0.000000
0.000000
0.000000
0.000000
0.000000
0.000000
0.000000
124.116351
177.636427
237.333172
242.578104
254.360550
294.283620
256.361844
258.799362
215.250097
209.006960
192.691894
192.624291
210.037753
215.343702
261.655129
255.957783
291.979352
251.893975
241.842692
236.359999
175.288836
117.693831
0.000000
0.000000
0.000000
0.000000
0.000000
0.000000
0.000000
0.000000
0.000000
0.000000
0.000000
0.000000
0.000000
0.000000
0.000000
0.000000
0.000000
0.000000
0.000000
0.000000
0.000000
0.000000
0.000000
0.000000
0.000000
0.000000
0.000000
0.000000
0.000000
59.172021
115.542281
137.899006
151.876578
147.638803
141.472239
133.126228
132.086355
125.600023
125.585346
125.517743
126.599728
132.149666
135.937442
142.051102
146.433991
152.288321
135.557111
114.958298
55.331888
0.000000
0.000000
0.000000
0.000000
0.000000
0.000000
0.000000
0.000000
0.000000
0.000000
0.000000
0.000000
0.000000
0.000000
0.000000
0.000000
0.000000
0.000000
0.000000
0.000000
0.000000
0.000000
0.000000
0.000000
0.000000
0.000000
0.000000
0.000000
0.000000
0.000000
0.000000
0.000000
48.622439
63.138114
83.745181
76.809056
82.052392
73.606458
72.995076
71.103606
71.208017
73.102861
74.071066
82.508546
77.423141
82.574554
61.973511
46.402928
0.000000
0.000000
0.000000
0.000000
0.000000
0.000000
0.000000
0.000000
0.000000
0.000000
0.000000
0.000000
0.000000
0.000000
0.000000
0.000000
0.000000
0.000000
0.000000
0.000000
0.000000
0.000000
0.000000
0.000000
0.000000
0.000000
0.000000
0.000000
0.000000
0.000000
0.000000
0.000000
0.000000
0.000000
0.000000
0.000000
19.851559
28.149002
35.927725
35.346669
37.568357
38.073756
37.967562
37.673676
35.114282
36.387797
27.597391
18.715117
0.000000
0.000000
0.000000
0.000000
0.000000
0.000000
0.000000
0.000000
0.000000
0.000000
0.000000
0.000000
0.000000
0.000000
0.000000
0.000000
0.000000
0.000000
0.000000
0.000000
0.000000
0.000000
0.000000
0.000000
0.000000
0.000000
0.000000
0.000000
0.000000
0.000000
0.000000
0.000000
0.000000
0.000000
0.000000
0.000000
0.000000
0.000000
0.000000
0.000000
0.000000
0.000000
0.000000
0.000000
0.000000
0.000000
0.000000
0.000000
0.000000
0.000000
0.000000
0.000000
0.000000
0.000000
0.000000
0.000000
0.000000
0.000000
0.000000
0.000000
0.000000
0.000000
0.000000
0.000000
0.000000
0.000000
0.000000
0.000000
0.000000
0.000000
0.000000
0.000000
0.000000
0.000000
0.000000
0.000000
0.000000
0.000000
0.000000
0.000000
0.000000
0.000000
0.000000
0.000000
0.000000
0.000000
0.000000
0.000000
0.000000
0.000000
0.000000
0.000000
0.000000
0.000000
0.000000
0.000000
0.000000
0.000000
0.000000
0.000000
0.000000
0.000000
0.000000
0.000000
0.000000
0.000000
0.000000
0.000000
0.000000
0.000000
0.000000
0.000000
0.000000
0.000000
0.000000
0.000000
0.000000
0.000000
0.000000
0.000000
0.000000
0.000000
0.000000
0.000000
0.000000
0.000000
0.000000
0.000000
0.000000
0.000000
0.000000
0.000000
0.000000
0.000000
0.000000
0.000000
0.000000
0.000000
0.000000
0.000000
0.000000
0.000000
0.000000
0.000000
0.000000
0.000000
0.000000
0.000000
0.000000
0.000000
0.000000
0.000000
0.000000
0.000000
0.000000
0.000000
0.000000
0.000000
0.000000
0.000000
0.000000
0.000000
0.000000
0.000000
0.000000
0.000000
0.000000
0.000000
0.000000
0.000000
0.000000
0.000000
0.000000
0.000000
0.000000
0.000000
0.000000
0.000000
0.000000
0.000000
0.000000
0.000000
0.000000
0.000000
0.000000
0.000000
0.000000
0.000000
0.000000
0.000000
0.000000
0.000000
0.000000
0.000000
0.000000
0.000000
0.000000
0.000000
0.000000
0.000000
0.000000
0.000000
0.000000
0.000000
0.000000
0.000000
0.000000
0.000000
0.000000
0.000000
0.000000
0.000000
0.000000
0.000000
0.000000
0.000000
0.000000
0.000000
0.000000
0.000000
0.000000
0.000000
0.000000
0.000000
0.000000
0.000000
0.000000
0.000000
0.000000
0.000000
0.000000
0.000000
0.000000
0.000000
0.000000
0.000000
0.000000
0.000000
0.000000
0.000000
0.000000
0.000000
0.000000
0.000000
0.000000
0.000000
0.000000
0.000000
0.000000
0.000000
0.000000
0.000000
0.000000
0.000000
0.000000
0.000000
0.000000
0.000000
0.000000
0.000000
0.000000
0.000000
0.000000
0.000000
0.000000
0.000000
0.000000
0.000000
0.000000
0.000000
0.000000
0.000000
0.000000
0.000000
0.000000
0.000000
0.000000
0.000000
0.000000
0.000000
0.000000
0.000000
0.000000
0.000000
0.000000
0.000000
0.000000
0.000000
0.000000
0.000000
0.000000
0.000000
0.000000
0.000000
0.000000
0.000000
0.000000
0.000000
0.000000
0.000000
0.000000
0.000000
0.000000
0.000000
0.000000
0.000000
0.000000
0.000000
0.000000
0.000000
0.000000
0.000000
0.000000
0.000000
0.000000
0.000000
0.000000
0.000000
0.000000
0.000000
0.000000
0.000000
0.000000
0.000000
0.000000
0.000000
0.000000
0.000000
0.000000
0.000000
0.000000
0.000000
0.000000
0.000000
0.000000
0.000000
0.000000
0.000000
0.000000
0.000000
0.000000
0.000000
0.000000
0.000000
0.000000
0.000000
0.000000
0.000000
0.000000
0.000000
0.000000
0.000000
0.000000
0.000000
0.000000
0.000000
0.000000
0.000000
0.000000
0.000000
0.000000
0.000000
0.000000
0.000000
0.000000
0.000000
0.000000
0.000000
0.000000
