140.3038784693118828
7.7364313211692117
8.3111090178390530
185.8391546094956652
50.6027142274124415
49.8357119091194107
54.6040258109343668
4.3920011135154757
603.8333042854040968
163.7974752279071140
16.2161573600948223
16.2009573823585775
17.4274506149700130
18.0133182300847814
175.8872228359592782
17.4576283831223549
1.9339032896236383
633.1662832142193338
1152.9465449930983141
1170.2877134858495083
35612.1560507167378091
35081.3919063968351111
35101.1616969572860398
35653.3107557424664265
631.6931521029483747
18758.1117938727766159
28.4600129503284762
8.9863503051296316
29.9086947167033195
9.8815667405957921
41.5495768129519405
34.0100933090838140
1.8402441677991050
35.0770413925939266
8.9866738746369883
28.3580780087904785
9.6613137624398586
31.3468758796577092
18760.0256253120678593
8.5350560794201797
6.0132069295558876
315.3999312081086828
712.1438388271276381
870.7651724766859616
85.0817571373841588
238.2548351749988456
1179.7476162183754695
435.4488581111449435
435.5501483014556925
249.6118233595281595
1242.6756660341500265
453.2296491686317950
464.4235977940230100
2172.9568309768924337
2377.7107303564557697
1984.8860447097490578
1221.2021790115024942
1910.7071684144318624
1921.5240530022851999
1270.4160803198369649
1148.4566280912110869
3980.1251319689254160
4092.9876308018879172
1900.8609313185461360
1999.6418479709386702
1147.7281287104524381
1190.7906268353144696
4098.7501530779236418
4083.9459101988718430
2031.7712136857792302
2449.8476808501118285
1231.1073239286542957
1628.5002101521877194
4195.2881789581651901
7943.0213707061693640
132.6846862681322534
769.0223925901411803
424.9576124182736407
60.9954229864875117
279.0041329430051746
4102.5448335455103006
-1346.7414195700816890
36.0094234687530559
7.1300656805823355
36.9502016126186703
7.7600365739134665
43.0161225717486175
37.3069151169829212
2.3617014748602609
25.1877926637576266
11.8527691134218713
21.6656591368702607
12.7702919647508306
24.0596031757274318
-1334.4462045225295697
12.1983243173634097
2.8572841090526584
-1370.9779617657184190
21.7068337578679760
11.8484254464551491
23.1461692141392312
13.1361541609820307
35.4612794786952392
24.1826813059524000
1.6559073429679432
38.6777519419737885
7.1294539860579986
35.8015878325154091
7.6489153025082111
39.1642107316967625
-1296.1847818522128364
5.8304906561331888
2.0025202361034609
378.8345119025571535
384.3857605431372235
1073.3594844967851714
137.6619846308511512
598.8961106312956417
779.8214225313804491
800.1923272293208811
756.3083037227376053
2590.0088073208967216
600.3376500141356473
30.2793550851474933
213.0348197268691877
58.0402303298262936
158.1274335574504164
82.6564447237778381
577.1941457903764103
92.4380229150528692
92.4315019479525120
777.8035420471588850
1426.8321307315295599
178.0157708191141523
772.9174218139436334
123.7551606425062687
299.8667813294119924
177.9228331367368412
773.3748989982809690
123.7453617288680761
299.9494205596482175
87.7632199631483445
595.1727951729568531
99.0368713502561064
97.6429015274796512
859.9829552111805242
1455.3455639879077808
187.9176627173101224
790.4893809340791222
130.7004550642009804
311.7902593869612247
193.6337498935997417
804.3744110177129869
133.8574323458998379
316.6384598995965689
882.0370170775920542
7744.1705762933588630
587.2432014981342263
1529.4041100990227733
967.4263777342650883
7553.2190465187622976
1037.5551579022903752
6098.6009626524846681
2869.9426983053945150
2309.6792033010256091
280.7878833501418967
5553.1340609368189689
407.1626092637396255
1875.1415190676200382
524.4938504277184848
7462.0498474609930781
459.4841329000936980
491.1197519764485833
767.6202168181609977
6960.5614482669416248
1197.9709900875618587
1360.2620265631676375
481.0054548934912191
5470.0071217815029740
437.6444368850906699
964.6946813221143202
1800.1570421869748770
257.8116772327596777
5337.2730639930878169
354.4575901325469545
744.6287027317584943
1734.5425038058945120
1523.0188053170120384
11289.0010255207125738
1675.0675924680160733
1510.0857052480539551
3621.5485503032373344
3044.7395131390658207
1761.5103316216980147
11359.9502355099357374
1945.2839559910701155
1466.7692798299653987
3733.0895273819460272
2964.1971505002156846
515.9820539607517276
7460.7230521572328144
467.0206075540561983
456.4569317915645570
856.1678718468790521
7001.1301347062026252
1388.8316740681195824
1404.9368717815875698
257.4668356444356618
5338.5693019256568732
353.3988138459152992
744.6061948494908620
1731.5775167803137720
271.0587714777165047
5462.4711319281132091
368.3214993565063651
774.5100695516392761
1771.6754735250865451
1763.7606250812959843
11369.7256440068795200
1953.6070471124423875
1467.8518773971193241
3755.1472784955631141
2965.8027410270569817
1766.1684321969578377
11334.7590061055416299
1953.8119391951368016
1497.7837923014537864
3734.0796769354210483
3031.2033072697986427
567.0176814905197489
7752.1546105089564662
549.9140188419073638
495.7437304273457812
1024.6842364436515709
7644.3765853833892834
1554.6535251291770692
2216.4816067350052435
280.8761186641835934
5611.3949902101221596
384.8724701425369403
797.1064167229212671
1847.0707252397480715
637.4099797099705711
5973.1323168950057152
533.8322561738270906
1661.6219051413443140
1992.0709789998034012
1805.0436397559378747
11591.1149198310467909
2039.7863625508127825
1534.9173376277142324
3989.3550718997735203
3109.8909930030868054
12799.3470606470727944
12798.2681649028927495
5201.4792435792551260
4430.4788140567488881
5235.6160059765970800
4376.0050274495815756
46.6762808245314389
317.3951077968368963
30.4930906080268365
74.2603408764115045
652.3065491408028720
814.3026627111680682
536.6016954807922730
1369.1921247572422544
185.0950969110957658
661.6526676995034677
118.7895480309533838
772.5771878164060809
247.0563153887274268
21.9680497504904721
185.2592735408554177
22.6108329944645590
61.7007583665221730
86.8291315421961230
358.6434430195108689
360.6352148249402489
456.5042484640346174
146.7069699872549791
467.5393279019419310
139.8154918975499470
11581.1965480937615212
1558.3396592556480300
3872.4480342818674217
3058.7791577447692362
1776.0349901649606181
1456.0336594740174405
