0.5655608588763291
3.6097933757821963
0.5651765598932915
0.5586878785541739
0.8748627052709845
0.8751420298289796
0.5565227418468675
0.5568738766436611
12.5929033468522427
2935.8912636780173671
1.5189153892451464
2930.5962156301584400
0.0895655983191912
2935.6999832076880921
0.0339881828936667
2931.3975570914212767
0.0359375663986679
3.5669428499105469
4121.5763541514779718
3.5665071894464515
1.6960542050952720
39.5327575649871861
39.4657477280594406
1.8885345037202190
1.8066304659219194
6.1405760044233437
0.8106312598726830
8.6141930738862129
0.2207289273528936
6.1171096008096644
0.0881655181064276
6.1217619489890778
0.0893323198017693
6.2450665491384516
2.5749233842985473
6.8408074007354873
0.1117225022684957
6.1101680041551285
0.0888009635110228
6.1170756713593493
0.0924987240692122
5.0873833876270389
7.7353050556001515
24.3952690734852986
0.9962585851927845
137.9215164792943540
134.1739651658275250
94.5200118507180207
116.9045663824319092
5.0841936880693526
7.7365853200368813
1.9119984625456856
23.4630849027219170
4.7938771785038092
1.6560823886660800
0.8686978968878077
23.2140578712693397
14.3345208959925667
42.9121197824131144
26.8586501718686321
34.4199663845839012
11.5356175774559411
249.2595895426009349
14.1499538101402926
42.9096652485924395
56.4565101916003940
4.0498925823657945
250.9341108821462569
9.8862902562331172
4.8809729397647299
2.4299015061931901
23.6970623014272128
0.8823926074757787
3.0959670946478735
0.8309477001891314
4.6940987948438417
2.4180335825825581
22.8972339328484757
0.9025981193170758
1.4448705153103705
2.3902649345876652
1.6788111980086780
0.6898822431377883
4.5439173812068212
0.4131235892105311
1.6687994449173884
0.2076486934727983
1.6690189979646204
0.2090476116134577
34.1775550273997482
2.0304427313686260
35.1234450393087627
0.0811448819732882
34.0753655080214699
0.0451767030255220
34.0668915339817531
0.0478764965261554
34.1758659790936079
1.0999311134397123
36.1128118706957437
0.1306602050160620
34.1222939440563025
0.0449412912319387
34.0848880787262445
0.0463633599695093
1.8679095880243155
3.0824741129575624
2.1494715695063844
0.2228595150367034
1.6629629352507054
0.2091204018090118
1.6667965716126840
0.2141435926732599
4.4176568363682014
3.9690118660434424
13.3869220808342178
1.6679140131828403
11.0818776299010864
4.8453021121168476
116.3321790219066685
7.3833285130677098
42.6128940599669193
11.8377495649999389
0.4021000582081295
1.9365433627975768
0.7181240270756117
2.1146248383856250
40.9601707931815042
512.6053406695505146
49.0008067216324150
37.2232518525632159
40.0236314881667425
507.3358524375522620
22.5791081711445472
415.1062090700242493
30.5730515676452228
135.1215955368759296
137.8640510803086556
419.5273367776970304
72.6667842411602578
144.5021576228306515
4.4146872634560319
3.9671713662929191
13.2628132966309185
1.7817429310408586
11.0829905008324392
4.8459340784380034
0.8840869157878770
3.0293664224837982
0.9817453923648081
2.5049213404295760
115.7661853836163317
6.2864027263177444
42.3190068431187996
11.4386079044850515
4.3646160077572356
3.1377213595517661
13.3791469003300598
1.6149482771736010
4.2149016340662069
1.1468256221360593
0.3745249138998775
1.4292638239677025
0.6772555785539729
1.9069529470312223
115.5739531675593526
5.7289449657928850
42.7304370163118890
11.2609898277605716
7.8303890534577345
24.2814059680011951
7.4741691920525781
15.6062386896502652
26.0538333137890383
49.9629269477888656
17.9292489699850570
82.0530571714650847
117.7597946752010927
17.0144972603418019
44.3657105469327533
31.4507614826250723
17.2106586956501992
15.5352248362088865
47.9191435906573702
10.3090625669096347
61.6087028136891135
20.5903382768180059
6.3796872378895388
21.3615066516108172
10.2459059559873396
10.7843586427866782
22.4253412034775472
13.8082788658632314
737.8610439329510200
95.5348656336877440
264.4862787129863477
233.0432886892206170
116.0769969930674108
107.3441160890581472
7.7432446600108964
24.1360887729068381
3.7652710107146437
18.9933532978987962
26.0538323248548700
49.9448986395075991
82.1184704595883801
17.8655163769375989
129.6116257130911151
52.1087185115205997
51.6193206895078234
89.9358368513886006
29.6902462266373171
1.2017110606246619
12.5333091280191073
2.0194403035270705
2.5164522072528430
7.6191703083111806
739.4779844251613667
96.7218156121193857
264.8780582476990162
239.6977823377519314
116.4281071878336036
113.8936357999686066
5.1461647251954474
20.0925300581036410
9.8967765869515816
4.0508745256101735
22.0690306275646186
7.0210177794003501
4.3772801325051383
3.2685923346191759
1.6197504527819677
13.4281731420046526
5.4827616494807820
1.5204295515760951
4.3741297989496504
2.0234072352558159
116.8712276785412882
5.9783063610142806
42.9993092304377171
29.6192307766738843
11.4816778604613443
0.3751195671441743
1.4912543758392218
0.6794176435598274
0.6299203516093659
1.9438782522862323
3.3969561221790077
2.5629172846779462
3.3386784690715618
7.8751771877019285
2.2590694254142303
7.7840422645626060
0.9852296428039989
1.0847473261307179
1.0338313996330042
0.8305369216830137
1.1684078443400592
0.8497741100628432
4.2902732713521106
3.1154235762584044
1.5942198682227533
13.1341048521215527
5.4800263971848553
1.4858616797503146
4.3064409072127257
2.0773166442760949
114.4051057265452727
5.6596420388628070
41.9751927228325314
28.9214580836959350
11.0335490304235346
0.3900647804818126
1.4960578797651800
0.6791314706733355
0.7046559524811735
1.8946963380120441
2.1634825029831477
1.2878831178660470
2.9870814531285093
1.1458493590452019
1.8964978106569688
0.9993930441854062
2.1730010562450190
2.2312807559169090
1.3591788046708464
7.3860302121371628
1.4826011875454366
7.3504945956542089
0.9537856930272944
0.7247658989229693
3.9338514418048391
0.5892396046908255
0.9487827126684528
0.3332647835734650
0.9457277760468347
0.3350694073428399
135.6378042387538585
1.7660601952986663
137.1776222080807770
0.0814060795147056
135.5193361277349027
0.0366705583612663
135.9513240795681384
0.0389671361881401
13.3877470731972821
0.9373488964635391
15.6083684783834187
0.1674821843665251
13.3531555897111662
0.0609310156478506
13.3519307951462292
0.0621852741084647
3.2498886955266548
2.8359369652637465
3.6823742587374961
0.1521047834161577
3.0843378502022967
0.1341263550692054
3.0898497019989626
0.1384373259415593
3.1056367703980650
0.7248965883254349
5.7978205456103158
0.2981580366294677
3.0897459726538727
0.1331506999961195
3.0929330683974476
0.1343510505074346
13.4509664458066212
2.3032061509214334
14.2226098705143897
0.0901514135670571
13.3381913974754180
0.0613337362055230
13.3442909671482486
0.0644977305554951
135.8402644662874650
1.2948326864843143
138.1260237651081297
0.1055682200604224
135.8268095167347553
0.0365623979671913
136.0853466218413246
0.0382187635601624
1.1960709211260165
3.3229084840876464
1.3358250346139806
0.3454331920779689
0.9415154056714911
0.3354445496927800
0.9441425837613571
0.3413126367932794
2.7707862995154446
5.1653060183046984
4.8431973275795608
1.6752269803514275
3.5856338412192321
4.5634763820211219
16.6191877020151360
8.5392077290000046
8.7766889781982318
7.6393721737832658
0.6695540173110652
3.1842953123029778
1.0428462867743695
2.6953059486386319
12.2165250458905064
9.4796841881316087
3.9818439613162173
6.1283324610537777
332.3617619341313230
50.6126346987573257
158.9474879729583279
4.8298123366006278
12.7597128213519735
5.4859677446332107
33.0988284918258131
35.4460741524878600
70.6050321131347118
23.8366898191742251
73.7503205695213353
7.8319132940434217
17.3803056461461942
6.6169449721064453
13.9743376752809070
9.3564056957950115
22.5655018579394770
0.2013468570986361
0.6607433998175575
0.2365981124233057
2.5995551569795969
1.4178498529365029
2.7484343283734582
0.4462473782374337
0.8964583199214997
0.3125349290734523
1.0802191421815397
0.5154966295940924
3.2483788005348782
1.4167886361807880
3.0186486161441937
2.0278228643580598
2.0359237285311842
1.3228065048530113
19.3739953534008720
75.6463826069430496
21.4729953699688245
18.2837723450022942
1140.6215538549492976
258.7780661170345411
31.9545561794094688
79.6948437585061527
24.9531382122411358
44.9068009986750383
15.8610841231067496
74.3726191749619261
17.1595190577303143
39.9427528074633571
22.3498606905668602
72.6223406189672573
1124.5538345970123828
254.7716883056098425
9.5039585394627988
46.7454799771731899
11.1083626021658670
991.7907727540382439
193.6622755783002106
510.4254906040351898
14.3745562010623349
55.5492762648789267
12.7632157424631494
34.6642916581370883
26.9311868358118502
142.8346948545330690
117.1626545712967413
266.1277687251323414
72.0341460107450331
239.8355698848777138
65.2692337423384572
341.6789309518969731
95.8400493272171730
171.1557227137652148
993.4906320471986874
203.8962554617965282
512.7234889465273682
47.3499456011900861
89.7258627114614171
83.7788097518141797
57.5383499380741696
100.2648771588287246
147.2734294042605825
132.5057356043228083
269.4465168570756646
83.8905073268532675
246.5170100341548505
86.3256606793505910
2.7689072805036075
5.1619088665311654
4.8149796884709790
1.6990088907286620
3.5845343174836666
4.5608848147865206
16.5258919747005706
8.4315672080785173
8.7188800974844831
7.5787721358388467
0.7509556959092883
3.2841839964261488
1.0939288736965962
2.7489272914645193
12.2171636617904511
9.4810119624474716
3.9819841638233937
6.1293588094493234
0.4697770969751807
1.3637307001659091
0.4440945135921857
3.4160604676103712
2.4937053628922659
3.2503376939661979
0.5624845002825575
1.4021920877405472
0.4701004568549569
1.2648666183157351
0.8810456954533786
3.4271648399864478
2.0518838304230265
3.3213979071373605
2.2454791547369952
2.6950290077893815
1.6756188838524020
331.8243444994577089
49.8742708709387017
158.6278599621521153
4.0112155588536682
11.6758035781033627
4.9803653833127370
32.9595011634326838
34.9153642418775974
70.3986524531534457
23.6348381538985066
73.3321275420868375
7.6461847055192722
16.7331343970606170
6.3087769503837299
13.7459674799360538
8.6908637781994322
22.1964683998365011
2.7542197790087086
5.0240631717518713
4.8401633269789341
1.6544421968475411
2.3170751164632546
4.0462614835919322
16.7261939205039809
8.3713199302035743
8.8067706376311694
7.5968733505371455
0.6493152622437496
3.0575121899837043
1.0214478430599947
2.6388126075565199
7.2265195597528944
2.5460871342402527
1.3050997867838019
1.2412251895616113
0.1902896466810928
0.5999479666719612
0.2231127190388304
1.6204008602167119
1.1599904018001133
2.0900699144571813
0.4280067838112834
0.8203690404994985
0.2966189944108069
1.0323417959709096
0.4809370846567835
2.9970535645854244
1.2509876890442873
2.5964822777972114
1.9157235124117846
1.7009017042349983
1.2283864385225121
332.1074300482907802
49.6499672872560467
160.1095298572936372
3.0095779740939865
11.3350856884741553
4.3048586775936810
33.3699301677274391
34.9602461994156712
71.2398592092076086
23.8823826246728395
73.7506861467977615
7.4219988450224470
16.5588593096004359
5.8856620984376402
13.7546661591166206
8.3305046292324452
22.2579151118776615
4.4327234249878256
10.9982942156605787
3.7992659653634804
6.1846686580531367
31.5601099162704877
18.5657283863092957
4.0838690863784315
11.0425460635686115
3.7456687341900858
7.2066809456962488
17.5652533883695128
13.0945753592836915
9.8743291294775624
10.4009149477028426
18.5114219321301334
34.6678457361234109
16.9427988868171191
32.9159586470477734
46.4577118086245093
48.6442984636557085
11.7242397191450802
27.6325203927765735
14.4948394462477914
22.3358194822392164
107.8359117788093187
60.0963498585007088
59.1689086324374358
46.0715900110247389
335.0735307142871875
52.0913905855501582
161.0496176340350019
137.6281701134130060
23.6847576935246842
17.5860254065172086
19.8897309094093657
34.0314115019239765
37.6078262200762268
71.8198633379253693
25.7388819413656584
75.4964221609550350
29.1731156023951925
30.4380685833635489
60.5314583675493978
61.0822024873820126
15.0209455283531454
21.1943435780896934
17.0262902567105030
17.5926903548683704
16.7203355212517408
25.3899864741757959
8.0474213078825265
24.5219486924236350
6.7290032007932394
19.0849481320857421
46.4455175266337505
43.2369859951464193
33.5688543107464028
4.7196087003887213
19.2666557869211594
5.6101542769955364
8.6633909553211250
12.7903237225638264
78.3302723843144975
46.6309085040127158
39.2192801757565590
31.5200664279611509
16.4510854166736067
26.6465461828150900
23.5987047859284154
12.7426331231772050
31.7065984925178022
15.5666077192709089
4.7701885717935131
8.5555332890326508
5.5421401235586041
6.1801893345947780
29.1639948903377295
15.6569802160580469
32.4207986880494587
18.8054875219776640
9.1217036567336738
11.0192358049980506
7.0087518556815800
13.7119682383016226
7.7819198475902374
15.3866997437490074
9.6977310721106047
9.0984469903218805
17.3487536686301276
7.7832050113378282
31.6980914078163352
15.7216980900756322
33.4411890153789457
20.7775005844098786
22.5545869332069486
15.1072253996779136
18.2534211407262994
12.0407954412261358
15.2931118293919752
18.2995582967878008
14.9983933599410477
12.3504749385198185
1460.7953550228869517
418.3320246042278541
756.7144274655380514
699.0957270925578086
60.8093143573229824
152.7850153886600992
71.8624656208962591
71.1984598847086829
200.2643869159107055
287.7706565901144700
382.1266330392991790
147.1145776939213761
467.4235515083292398
157.4945341636059766
278.6582844724694610
324.9706291233786146
119.7782627364140637
445.1161578589714622
71.4725565173387025
179.0632204492871438
76.0575464701236257
103.7478784746521541
112.7563456765197998
176.4789406148072999
61.7591166635975881
175.1048531143789830
71.5819288052310867
87.1605746517511051
111.0126553776426448
159.8247810381892009
4.4102351622869636
10.8456742446751608
2.9942051062672399
6.9346408995953990
31.4554596283401153
18.3881450690788242
1.5147045415030445
7.6366191077074506
2.0997973584335576
5.3745234220871758
19.9604756390334472
16.1503177964109490
11.4308285410105199
12.0237032227129053
18.5116243792066442
34.6671973192868208
32.9195133968215430
16.9396930732821289
46.4201936575611427
48.6370202363032007
107.8862926912159139
60.1435395493141911
59.1859384381798961
46.0881891140248356
11.6773839306316081
27.5834226134012681
14.4787789751087743
22.3190319670333217
337.0487367873882931
73.0035852809683234
164.5124278952316104
153.9130830411844784
47.7545161606457071
53.2360380025057935
35.6556043278699164
37.2470454272863805
52.8192521086782634
75.6226963523317437
31.0837813186585699
84.9455856940115837
105.0580544214595449
73.1406159656727084
97.4929686099542039
89.5291726075504357
20.6675895604970918
41.6530785128597429
26.7115039509577201
24.2814788435932840
38.1539060953114983
36.1592695320895885
0.5408700705314147
2.2625558150074139
0.6638185621549263
1.0035902688200835
22.1797256100750673
7.1255682384241386
17.5190428904947275
1.1207081044808840
2.9762255729349634
0.8497931075177201
2.7537699325737841
1.5479396780250465
2.1003856978466136
3.1604971297887343
1.5199497042368033
1.8194618038011052
10.4073478911409136
5.5548019627492780
13.5507529817738632
5.5666450268080636
9.8661647427308132
4.0655313397679951
1462.7091363024644579
420.0130262287873393
757.3421024607232539
701.7584278022535500
61.4759992592046487
154.3030549099079280
72.2444901284979721
73.4873859948309871
200.3857052239255552
288.6469443480320933
382.3960458829966456
147.2882759167182201
468.2447592246327872
170.0143807559920504
282.0838064153781488
330.7646343141021816
133.5641039261725496
448.3072655531535702
71.5787110007638603
179.8892699975058349
76.2667387127863918
103.9146738861956862
113.4211106471974801
176.8917681106981945
74.1069216099493531
178.4615826530917388
77.1851374152693808
100.8828471887746616
113.9873073656181219
166.7424498756246578
4.0444434044278399
7.0149760094504252
5.1318836068715612
3.7899367231510461
28.3870502562399984
14.0981380241240508
31.9824608252534688
16.3450345816788776
9.0137472355044022
10.2063190089903166
6.7897711401193090
13.5490910757298728
7.1040636765704708
2.7209283359690417
6.2749079759138437
3.3163316001487955
3.2805573887137940
4.7168460319031427
31.5842742123591762
14.9028541053975907
33.2085421814626756
20.6125384831986942
21.8592883487684553
14.7127092854528527
5.4460072637871182
8.6023402486008074
9.4134097871304991
4.1789158091128797
11.8869553818603393
5.2633114670467744
2.7449478262904714
5.0749393221961485
1.6484856103598302
4.8248329310156519
2.4703870910294623
4.1586457692737913
0.6470281165127851
3.0891071005058230
1.0177158115333329
2.6462938062036185
16.6862461018569377
8.4584116305173183
8.7816242900240606
7.6208292060614093
8.3811123330617043
3.5934044973473411
7.8114480426970960
4.8659730370442213
1.5663891776401535
1.7836736527562560
5.8452688623908040
3.2581701902171591
6.9018480882323079
4.9860662198604384
1.8272205450652024
2.2289889824731675
2.9027324822975804
3.2614619869045431
334.5197936881391456
50.4196165558245184
160.5220180975298092
136.8961424538792926
3.2220401296650132
11.6633723658758424
4.4894611717627679
33.3192680247817066
35.4411804400888357
71.2286254378165324
23.9959083201934398
74.3921044188434593
27.8399548162376114
27.9991586356765616
59.5279975980885609
59.7678954419085500
7.5619227533782682
16.8953163268183815
6.0527447277153561
13.9105675599872320
8.5703180298531567
22.5361428218849085
0.1901425300338537
0.6042417843210456
0.2227260053462968
0.3467094112785313
1.7309617914114541
1.1917463563311121
2.1823165144616419
0.4266813659149890
0.8283346093306886
0.2958673554064738
1.0355689179741949
0.4822714676436864
0.6850196067232081
0.6915654563107543
0.5103788424938702
0.5117811771415709
3.0536996967710577
1.2744341218681094
2.6726603976914602
1.9359977974074076
1.7515074456466884
1.2413808015072989
3.4877958287879887
3.2727709640234690
3.5596123146382430
4.3471543842530593
2.2311238530128512
2.8575006883809064
1.8477114132288561
3.7882640296089938
4.8367586772205602
2.8103503513522083
4.0362167607638240
3.7809603049236373
3.1704991461933942
13.7288742332020721
4.6823729377574024
7.2209250739511850
14.9512341054748923
4.5930165279797386
2.2853929795558865
2.4722143705573103
1.8529443755430726
2.9406890763144724
2.1513160343472570
2.7499887094599185
13.7465720670084082
4.5723759344511761
7.0285152616009414
14.9623930494767929
4.2609371023345641
8.0858950688859359
1.2495573141891516
0.8546782233397381
1.0598007221626931
1.1679125983234608
1.3964132157824864
0.9050067357678394
1.2543326671148030
1.2452875272933359
1.2756945173513017
0.8945333128289278
1.0529754133688618
1.3567449969923535
0.9315846885989870
0.8654254879073517
0.8058356834128244
1.0344065993695373
0.7354061811807884
0.9135876067794814
1.6162759739778061
0.9351850645701826
1.3143520400350688
1.4728882074582852
1.0517364024274225
1.0748280838583353
0.8834685818066913
0.8211132423475013
1.0738466905835207
0.7412690977307023
0.9595773367067487
0.7734639664888997
2.7227623009944111
4.9216248065776744
1.6363460679963626
4.7828201780301374
2.3542525518152089
3.9763540469960259
0.6452414727078085
3.0030106780745434
1.0117353615677049
2.5973215478437095
16.5191133670028449
8.1931165362136404
8.7003707421395458
7.4610922023364123
8.3802583045578096
3.5872425896139539
7.8060793579515160
4.8677388133541664
1.5119095326566225
1.7627901959505481
5.7954852464238380
3.2031368677346759
6.8828854047930434
4.9654865737992306
1.8690887011012269
2.2650043246132427
2.9160531899815871
3.2727450091336565
329.1097059721795972
49.0582448167835707
157.9804249352767727
135.0996903873071631
3.0207799750441615
11.1696909578714152
4.2555143964451823
32.9463970014178287
34.3625433581666044
70.2950505770559602
23.4474117120261099
72.6120463515640324
27.3731886753584774
27.1723282633493710
58.7391943575122042
58.4831085627395098
7.2641970244057115
16.2655616406867658
5.7763287125269347
13.4675558527913264
8.1843198014447456
21.8221545562518031
0.1989635990939044
0.6235498285546834
0.2291756708162248
0.3681933625366041
1.7100952079675333
1.2079097683520521
2.1145710798958572
0.4279834556079479
0.8315273391656695
0.2998656373420354
1.0247261732699326
0.4902704032925537
0.7862991410894848
0.7395100918980354
0.5580669654343841
0.5456254175986373
2.9491647844350473
1.2647454837627561
2.5757175847101377
1.8913075549007241
1.7178715514391965
1.2246338455081560
2.7625600058472672
1.7315579745906178
3.1486914497208334
1.9587426094179945
1.4444156087900297
1.2951694748667260
1.3986396793192395
1.3238203967455304
4.7263408789963615
1.9951121388062463
3.8155680800875342
3.6146609368926566
2.4913542726509914
1.0721221917920014
1.2603965578418128
1.4430507948756968
0.8924000578558391
1.5281360099231616
2.1632582110757275
1.6493771779806776
1.6101278295497272
2.7705147061361153
1.4493809916771585
2.3515898835118012
0.9463904849182224
1.1337236907792190
1.1498340506783242
0.8505229123714337
1.1477232685214083
1.0023831833776300
1.9526827750302305
2.3264597191198177
1.4528058548572922
3.5009477483332434
2.0384604327795337
2.3558558408640642
1.6091294320224152
3.5030825895472044
1.3755043867416632
1.6582751770475803
1.2596993491351176
1.5037726087933261
1.5756078908860154
13.3263195723800454
4.0974309544554410
6.7049706367216624
14.4701593705921265
3.8857852872213576
1.7037915859014878
1.6913306962125083
1.4985223706349804
1.6158553318809605
1.6729613800680641
1.4355345478794159
13.2013483852753346
4.0962364383498846
6.6445220982565223
14.4231828887541802
3.8839998480231515
7.6198714496890005
0.7300795212591658
0.7799816265019958
3.7446886156618353
0.7131531008923568
0.7274082562728289
0.4274379050039225
0.7226700688613396
0.4293209699854197
476.7073409348894302
1.6398336941527105
480.1927901879181491
0.0845244699328302
476.5561053555859417
0.0346622726703521
479.0864926768774126
0.0367785725189150
8.9345883682248317
0.8692455910249673
11.2855041195716090
0.1916493858022054
8.9061967089570562
0.0728168237775779
8.9096792788836687
0.0740165456656516
4.4483632314472237
2.7071963412522466
4.9609051139235270
0.1290057383121213
4.2991747440902808
0.1086591606500309
4.3056102112359591
0.1126525305931738
2.2670646728881971
0.7001473209085400
5.0523287778793744
0.3498149650538016
2.2542623241815676
0.1656843075739972
2.2560404826492988
0.1669577642101596
20.8712360919586857
2.1664236493223545
21.7313398435774729
0.0843388320211531
20.7656421149713246
0.0521251733733838
20.7667069019599566
0.0550492945217513
61.3967682372913188
1.1935307302773743
63.2387184549305204
0.1168487292757324
61.3336564976264782
0.0399461396043818
61.2893793825220428
0.0414777638830597
1.4728540348067445
3.2022513955230352
1.6826156158598407
0.2757613669318448
1.2444858549515436
0.2639476634004916
1.2476710319037283
0.2693741830118299
1.2583860775674895
0.6967885794989758
4.1889090108883336
0.4915001412006633
1.2509553685056685
0.2621500257673652
1.2495505265746865
0.2637285827662213
61.3356598772166564
1.8965909421402392
62.4037347222311354
0.0802378902935997
61.2307951019909424
0.0401143412811175
61.2528964764147261
0.0426053247534332
20.8336603105022000
1.0143535129882946
22.9157983155749498
0.1473761441640240
20.7909096310047268
0.0518127258641780
20.7776610844702887
0.0531416184514385
2.4329014639158979
2.9609840071497477
2.7884772707175700
0.1826678465972580
2.2488066605123449
0.1668834231602024
2.2534184356816280
0.1715370206075932
4.3244327019070781
0.7621648790217038
6.9122079012120174
0.2557645521672317
4.3050448881612331
0.1078693087912063
4.3093076511344792
0.1090363103384175
9.0191509550492501
2.4397517801003992
9.7019103957352009
0.0990589999671560
8.8964548518691728
0.0733259442365436
8.9039040788177974
0.0767475361347960
477.4691869361085423
1.4033817674454725
483.2772084110880542
0.0965359144051235
478.1589714030816367
0.0346095250558280
479.8555577393050839
0.0364050659985071
1.0033025313704065
3.4516708118647759
1.0738700922958728
0.4381990732205893
0.7192550501722823
0.4299708863987841
0.7212676297943976
0.4363209813584760
1.7033264335590566
3.6950831583727051
2.2336546083794993
1.3210851825537804
5.2106493156618505
4.9091877880570784
3.9531677053782412
4.8615144707374975
2.9574286880812188
3.6600625172351391
0.8138711388992913
2.8614921850020103
1.0326614699130694
2.1536994047166167
3.5250355500357582
3.7387673757338691
4.8575060692032652
4.2540965380819262
14.3375345364076079
15.6634834856224572
10.1538006842308572
6.6127744832904227
10.8525991717256538
6.6373965396812808
5.3430591789487423
11.5519753534706613
7.3110019155839208
6.5075650807991821
12.0367083306114502
5.8012331759650637
10.0934054572483429
6.3808471003274274
6.4614985116410200
8.3120998932215002
8.6200333214854581
0.3385001312954474
1.1063679461962683
0.4164094602136434
4.1097768938388013
2.3616178681427220
4.0475711189599251
0.6459871056066742
1.3880058366835215
0.5167777745351581
1.3216515302281115
0.8353120600598759
3.4447458795933841
2.1162585100516340
3.8313607456347838
2.2430354676775739
3.0020081733134791
1.7622910055373306
12.5163179396712110
11.7273576861889328
8.6058815984659116
10.3187651105979334
3.7185384705420903
4.3580434776221502
6.9006397111593536
5.4384743617630393
728.9097416997260552
187.9119678544298608
395.9728399373046273
34.7638079358618981
75.4979992028740128
121.4193118951178860
147.1396859987788162
213.2784226175653544
236.6790735733370639
4.0945073606325417
5.8762477644399409
4.1711523214500881
17.4445214665033745
9.5697041228472184
4.6792724925883871
6.3890169951247859
4.3714369414567553
5.0841823502755581
20.6228070941342487
40.6612655088708479
30.4524380649591997
23.3337933530850741
29.7995519770745005
40.2693096318655677
42.8667100983755063
73.2904069593895287
56.6812237214288359
46.3608419758883699
105.5523834348340273
48.0108188927024955
17.8482294040390279
31.8717345114857622
21.4061323558231180
29.4142681210443264
94.2656683451029238
56.4413570301673886
62.8491460745362147
108.8076859325776553
50.8282243992717113
78.8591895833903322
6.3237166673465577
9.6561872017344488
5.9472921001561971
8.3336656455952127
20.7325527136448891
14.4083714242014107
14.9383995137835601
24.6521378622936105
5.0702442241812520
8.7893788450361310
5.5090085270558564
6.0099328333360882
7.2499750349995775
14.1595984662782417
13.1011962380760902
10.9357578569864149
18.4618594232269295
10.4704431446815800
8.2670483999692870
10.5832079765651592
10.9845391886524535
7.0765286497664066
12.6373458934927925
7.8981397458551195
31.1897982735013848
16.3036479520918114
28.4161754736675398
24.0327546207541047
20.1430897591524385
17.7995215204490513
0.1156515319165869
0.2958263084084218
0.1207063241993304
0.8180447103970555
0.5227994108415620
0.1453740462398654
0.3219730101319779
0.1304634767088729
0.2153691526497828
3.0279242321549029
2.2438066199421818
3.0503265477335146
1.1957843923098610
1.6636734498848553
3.2977555128195526
2.3003254971172327
3.1445049987831779
2.6512674900706830
0.2779957429438108
0.5938605791788045
0.2307748441628829
0.5457900997603451
0.9541777265873761
0.8187692437556978
0.7612534181503928
0.1662615184402206
0.4940751854099913
0.1941779009446725
0.2696789104257736
0.3719408637995822
1.3389306586720793
0.8770678719361363
0.8947211015757065
0.7266713201503356
0.4493104295741169
0.6037613426567130
0.5936034447637949
0.3639794899465478
0.6906339190929695
0.4205727968160758
4.0568754170416659
2.6134501655168774
3.9041686860126275
3.2690289485811701
1.1787892613145272
1.7231012855221060
1.4222377316596460
1.1416182038194420
3.4922647441881391
2.5554792519755716
3.7043345453463385
2.8769852236064759
3.1510059526524818
1.8861135517051244
2.0996625118326113
2.5347219209136154
1.5138765326131365
2.6127724717500107
1.9822715496047052
2.0847815861527401
1.6902124959720959
2.3809334323552709
1.7135572775082932
2.4716146722773140
0.9953192102041813
1.6983731264183088
1.0823227559196953
1.2226506154252899
1.3850763288389900
1.6318685938380346
11.0610302856392035
29.0982393339192456
11.6078427304132337
10.6908638768482991
101.9603404206758768
55.9994544717240785
13.1827056558604987
30.4241256085803897
12.2883666733861450
20.4160521552098331
10.0260648485738297
28.4120308466929430
10.3537010645929168
18.9000567196359945
1917.4071197972446043
747.4423126975061678
187.9654841365065749
360.9810364559920686
22.6739450230960635
39.7989344639667877
18.7687809626756135
104.6313367375640269
61.6989839847787280
78.1414889440490157
14.4141390623817589
36.3272812735933712
16.1754147109628903
23.0434909292030845
27.9064501211554870
43.0101653032700000
46.8152021203130388
58.2935525628097366
32.1608517669814589
60.1397243943420747
34.0497075385642631
8.5684810782417333
25.1265274459966435
8.9628271019812900
102.1654020647018797
53.2048798977181718
75.5672545116568273
9.6890360004412077
26.0888527240351742
9.3371260987174534
17.8202121917611827
16.6110408767283921
40.6447449188263192
38.8024983969066852
55.7441488371706981
27.9157709320677867
54.8292937237577220
27.1455328468571544
16.7667595664465985
29.8657250935529461
98.4462204975850881
53.8115190058800366
1874.0652488369598814
739.5749269771580430
184.0965321520856151
356.6384873291237909
5.1162020197944260
15.1215963374243128
5.5318929487856447
66.4574593559819249
32.7108983476257364
6.4008291778793920
16.4189993349179133
5.9621306169986044
10.3407848718472746
1721.7324185413560826
627.9833328562765473
1131.6995094586959567
134.7899111420781253
281.2758090388550158
526.4239693453929476
469.8725320595475523
761.0547715239866875
713.7831754046253536
8.1558696557305197
21.6804798459799315
7.7282400191167024
15.2062273348971200
72.9572114864229491
41.6505960380850766
51.3094086634923912
6.8455652277941219
20.3938591544915688
7.2889906808587916
11.9880282982214634
13.6399032884612303
36.1670031808499246
32.7735046994547901
24.2401420290526133
23.0759494839091310
24.8019190190167862
28.8831357514320075
35.9089000246904533
17.8685303838486647
38.9323761506943598
19.2113174949028220
141.8878250275804760
140.5275899783868283
193.7236772151556750
102.9777106409005967
106.0624238899095957
127.1024052166714142
151.4903127634463829
80.6663321398462330
371.9096504487888524
189.7018965837538644
266.8522381275524253
367.1034749259341652
194.3697385113503344
52.1741557391405379
98.7894275779557631
73.8036729499555264
50.4097271039957135
101.8486966203537634
317.3995502316020634
180.2452085920326397
218.0339513141968553
347.6300030697356078
167.0694474472875015
256.6345178541096175
45.0185126219119454
94.0000078498490268
60.6582843854819629
47.9856327097588675
87.8209126153946613
69.1351959571866388
735.5458036199906928
202.2793459689361555
404.4866572204425665
99.4624562859137313
106.9225947578171514
128.8605007293790266
163.6126561493710199
221.1447839669034181
248.1012297430867761
1722.8152441404122328
630.7619050866995849
1132.6073560442039252
149.9642080156480404
288.0826605591308862
527.5984147814510834
473.2509251864171347
762.0473089905090092
715.7055186182628859
28.6635144584487769
62.0941481427651567
38.2085840841256896
38.2109676824665314
101.1104471714454434
81.0389553381466357
92.8404013963126857
80.6680760456435308
77.0510974221658813
53.8750381403880425
118.2955016379662112
61.7657230461522673
52.7605346788936203
63.9257563679190568
44.9214028739921432
52.0087113476661429
118.4709438967268653
84.9103263534563695
97.7577822139991071
126.9046213274535830
88.8843307849809605
98.2226344992891285
144.0876448065200179
147.3346956806014418
195.6692647571705663
107.9587403410865676
124.8155888194312837
139.3183142461904822
164.1583238938478928
103.6518421050376020
373.3182074403714523
195.6006948389258184
268.5249709267573053
369.8784694385454941
198.2604984794726590
64.4489308581666762
109.5838868596093505
82.1464610366033980
67.3560330733625676
109.5669082885377890
322.8655959456690994
188.2619421703683145
226.4698090248091091
351.7529838565860700
177.3416710984452607
261.6138490140137378
75.1879667144502974
108.3151481829963245
87.7290985488708799
70.7872426199329396
106.1851060591511953
85.1716346412251539
1.7021693075674473
3.6925855745708986
2.2252927584812641
1.3270302525849584
5.2072883854652678
4.9059163146747213
3.9294071354362714
4.8393470216557617
2.9415694189997015
3.6452299653343214
0.8343753335113432
2.8784339014539904
1.0458022744028472
2.1645857877477037
3.5242790923845391
3.7373046604852669
4.8545817820263277
4.2518741618272839
14.2737475653724566
15.5500254489508425
10.1018802945640136
6.5423250383248135
10.7290866263743485
6.5830366602898041
5.3108026611858090
11.4641120974121886
7.2694671110014921
6.4649247102631850
11.9618305477493863
5.7701942109788122
10.0017793235468790
6.3393551765358813
6.4185549386782883
8.2305265657238742
8.5551840254164393
0.3922456138309887
1.2082951836164175
0.4610825962191287
4.1733059497061866
2.4762252416756430
4.0948975342065417
0.6741428220860795
1.4670095164630881
0.5529452644903140
1.3589465942516652
0.9013492854732157
3.4695635913150760
2.1995965674171427
3.8660406392446327
2.2800715224839645
3.0760035329741475
1.8200642466816985
12.5166483548600809
11.7282621503152633
8.6072157038186408
10.3200199987769636
3.7184013076215141
4.3584402877408630
6.9018144188216342
5.4393176461506663
0.2781502412422071
0.6702400647874144
0.2646508847980858
1.6305570449063895
1.1147458290509757
0.2573234093033883
0.6494970060078503
0.2576040089324437
0.4527471300086016
3.5244687681946636
3.2477006988664381
3.4422854928027400
2.2028200998706753
2.7735414492036550
3.5381390260688916
3.0854851447289220
3.4522632623216336
3.2929503620075744
0.3414698957493041
0.7751717652087228
0.3048106658420316
0.6443358510299526
1.6378686218313154
1.1878347163566323
1.3615484130045383
0.2643894848749471
0.7068143828190497
0.2797317452858220
0.4517444284564280
0.5084837381922208
1.4871024317963020
1.1002430491368580
1.0218658934553251
0.8803435129680607
0.8713973221000600
0.9164321965664926
1.1056915778967671
0.6511714538548965
1.1284026323015877
0.6694106876640762
4.1412223075305601
2.8940565190876790
4.0148920091622902
3.4034432353323845
1.9496754910374854
2.2314259617137937
2.2507673444069987
1.7180455339597507
3.6790206356224364
2.9211657934776052
3.8485970251657382
3.2677305327528350
3.3843569791950787
2.0454223402396319
2.3926078858076973
2.6913792296414099
1.7210191033910298
2.8235634549436619
2.8327586801857692
2.5932786282690596
2.5495656094918826
2.9923270340471593
2.3761014707807520
2.9455848225615520
1.3074330070075588
2.0795137758613049
1.5093965007847223
1.4807464743404182
1.8606661244073288
1.9148821293562797
727.9339733345580044
187.3976654158387873
395.5669291589635463
33.9273839290957611
74.8524946581941322
121.2305736505396681
146.7048203721879531
213.0200341614003605
236.2666464437540981
3.5965345810401139
4.8694088260930490
3.7770714479127938
16.4260463617361765
8.4541092323244413
4.4352569407615823
5.5999946858760703
4.0608191230789439
4.4396277832628268
20.5450993717260104
40.4512627472939812
30.3576841768627368
23.2188070658624035
29.0952007637470338
39.8716512056105401
42.2363404472413180
73.1444285516887334
56.4285107112351838
46.2442881006926001
105.2970702937973186
47.8409861336383742
17.6868828542474503
31.6258206260446784
21.2635945431524256
29.2397148793592265
93.7758657657165315
56.0885689674750338
62.2924635403992752
108.4425308373109118
50.3544081575012044
78.5544637878011400
6.2328777854003929
9.3678542568964858
5.8306648832319032
8.1917417661595788
19.9475196948877418
13.8897484438840131
14.0998612469111961
24.0584605750387901
4.8790678484692460
8.4168652888559201
5.3595528274089155
5.6146297023959759
7.0103888130770198
13.9894080940249470
12.7982873893220734
10.7701432871899936
18.2410804547881860
10.2511367621241369
7.4113271097041924
10.0670447855466634
10.1180007564860848
6.4602988468595663
11.9660659285347712
7.4183297768188581
30.8554273763428526
15.9106209587155369
27.9689427558815140
23.7573051004226201
19.6531873988167192
17.5034044787797427
1.6930708646735386
3.6654801751015396
2.2257183060043682
1.3097388259362763
5.0016891981755061
4.8195831597719740
3.9550337688060364
4.8381724890949611
2.9533133154636246
3.6487569134742110
0.8017708848252144
2.8283851520394143
1.0207406717310239
2.1344420176617245
1.9785447103020128
2.7067795282679601
4.4619816910832579
3.5928634913083521
14.4185319862400405
15.7297720016248856
10.2008656783777045
6.3767108614523771
10.7624443738053888
6.4826768250172204
5.3540819117934308
11.5807309886179208
7.3361839574474015
6.5178568162104575
12.0978900748431055
5.7513551376074572
10.0641983248159850
6.2879597197071817
6.4484508747341707
8.2186811900328642
8.6235356980486024
0.3276768671383631
1.0728742060016747
0.4050827282236479
3.9159227058502362
2.2793164445848033
3.9125997073207759
0.6339733105431812
1.3534150694863609
0.5050426309551812
1.3002342326360683
0.8143020945255985
3.3888286007770896
2.0609089898873645
3.7420262982424415
2.2081850249767205
2.9153532105925581
1.7270432556556261
9.5293544375756145
5.5027886215061335
2.0271874515915682
3.2557916753839735
1.4718009938868424
1.1963579310881038
1.4015280851603482
1.1597216405467046
0.1096801922538991
0.2778949704439611
0.1141375865145244
0.7295549183752937
0.4815251620841008
0.1375754119840253
0.3019627036801388
0.1232844593356442
0.2030590831446861
1.6734077652901986
1.5377589768079578
1.9319374178601842
1.0137374078881609
1.3009366818054220
2.5555142677914349
1.7203365060416307
2.2289230067159034
1.8444278357495283
0.2677293179735321
0.5656149789209257
0.2211067673833263
0.5264340182032538
0.8545990270267302
0.7621067781848737
0.6927623428956065
0.1578382509891362
0.4678407392516406
0.1851278132344726
0.2549247072434079
0.3547855622061046
1.2881826557357241
0.8325356367724693
0.8625977419582858
0.6963307594820108
0.4181950416517100
0.5659247779534097
0.5470542258461080
0.3417602445679470
0.6389248389441783
0.3962616041467973
3.7840064089368162
2.3840089623895953
3.5417259884908487
3.0871662884698767
1.0326365280407550
1.5367308295223274
1.2137547730164728
1.0287194919013674
2.8977457434609635
2.2580994167032480
3.2354320830526757
2.3459772843003694
2.8214492502543806
1.8076272737696968
1.9448245186363387
2.4147132853541806
1.4401243617370127
2.4440878910033241
1.5673319358098428
1.8184802212244271
1.3950852892263839
1.9098642683237057
1.4769522819066798
2.0941785573490028
0.9326929360999129
1.5576442966981587
0.9970916623409486
1.1542638555004012
1.2584056423821171
1.5284073506967861
729.9031771447243955
187.2972371830639702
398.5522694689400396
33.6957698265165178
74.6347853808922679
122.4494910096219655
147.3721305187071380
215.0302785726150887
237.7391609991796315
2.2316433985218720
4.1275987769067912
2.6487405954140524
16.1425361387929698
8.0255560575998270
3.6867365865004897
4.9884781274209624
3.1365645668476319
3.6118967947987475
20.7539908311613246
40.9396005732177812
30.6691142322880843
23.5077068638885933
28.9713788642736709
40.1117509081626125
42.1826483100076004
73.8961270240539250
57.0706962555536279
46.7202784630352355
106.4540751523589677
48.4317694076432801
17.8635675354212715
31.9534443626853353
21.5225583944579384
29.6000288231467259
94.0109514516713602
56.5415602482280448
62.3429772222343104
109.2800892736143084
50.5448796039621797
79.3338300971661994
5.9770393435622911
9.1705925636638117
5.4776782050297959
8.0577936203300435
19.7480515885061720
13.7211692055037364
13.8374005162930249
23.9808832917343295
4.2820433977869987
8.1283450688816359
4.8934292660639613
5.0729885480894286
6.6927223488183722
14.0671334848650940
12.7185514696484283
10.7446557161870437
18.3663701913854318
10.1466328583072780
6.9551692172911626
9.7992368163979435
9.7737329119475227
5.9660548258254762
11.7079039567918883
7.0310696685596801
31.0704833335610040
15.8473537090978649
28.0361212211891520
23.9303953500181379
19.5929442042008581
17.5427396499058261
2.6544396552840501
6.1670575163474481
2.3915006622887134
3.0862788647506649
12.6045296417635750
9.4294351905321285
2.1661931637971188
5.6712234123593879
2.2366578131158996
4.0414044252600885
4.6393279800005747
7.0780554007774770
3.7217767360182110
5.1587902305876474
35.5623713175421869
27.7528849873795522
16.2957352910365216
21.2155235924072763
2.4541306963264184
5.7498162784952509
2.3137190234881575
12.7725125197032252
9.2519171875800836
10.8360409549988468
2.1627037635417996
5.4926288267872527
2.2145708175925529
3.7298076318547184
3.8891170837128692
7.3801232593700412
7.2533245951449876
9.0632957938393677
5.4561834073177158
9.0250622937457141
5.4088390506706414
14.8156006295480509
17.1679082522052830
10.6653149130823373
13.1045072730961358
14.0434468689317136
11.8067790704292754
5.9603953249562416
13.1844635535117387
7.8698977432728254
7.7223768929935028
13.0494981431321371
8.8784325284919365
12.5665449750369085
10.4225734365382898
8.4659712685124191
11.9082738052965347
10.4276609919548680
15.3458344408951231
22.0949587030884267
15.0313994074533870
20.4310170815154599
38.9608460566336348
30.2951372536232491
13.6915748291312518
20.9961109332831803
14.4669819533069610
17.8691160609694499
36.4893929734187807
29.4098090171943198
27.2672185408080097
24.6537560807629461
43.2895119666934889
48.7607207341276663
46.2325748167779338
49.9272722470162904
9.5113988903104172
14.4837844128263384
10.6119927078859497
34.4017320285948429
22.2372648504240722
31.2173392929451623
12.7543947087705956
16.2440955584617548
11.7097419129423308
15.7944599496159306
13.1158285157381602
24.3436301914830544
20.1576998189255754
27.8015914864956493
19.5926073901968962
25.0615296740632871
17.9767936448523358
121.2540392260879258
94.6044341678941265
89.2239611596799449
50.9096545440545469
70.4953531072563209
45.6512325140406361
48.9792777653225997
70.3526175345801050
65.9730630013636983
44.0655136067322815
79.7205293784133460
34.6151732413755724
61.4294144360006911
40.1105837418853142
39.2351498392950262
53.1566038731210853
52.4694881157840456
734.0598155896209391
189.7010576765422343
399.3111571324598117
379.6474653705953415
36.6015808858042959
76.8417402573742265
122.4548461878651864
149.1789223357943968
215.0674985405949258
239.3991262485776588
131.5042346588531927
132.3492781139358101
214.6333959126494619
215.3895737467879314
30.2288040953013102
19.3927462703605826
27.2882458523679645
20.8661800037807730
16.3970396735055068
21.8872762013835604
18.2747778587793981
24.4685142835289717
21.6935649331178411
21.0838950680820894
42.0579603300893936
30.9271448613239386
24.2534054391854355
32.1089940887407224
42.2627553951570150
44.7098579387916573
73.9835830306699904
58.1731116387096066
46.8982918341758221
107.1132848799485231
49.0339196166605760
19.8919614716449082
33.6746542975021441
22.8299905847329505
30.7968653287475647
95.9433272481264368
58.1914692227499160
64.4863140527699841
110.6857864962250630
52.6645189124938398
80.5211316137727664
26.9998183331255781
30.7071384981663833
38.5986620445768125
28.8740401293482378
31.3449105786762985
39.9573612856872415
84.7077793514447279
43.3199240096736347
56.4426580785436087
90.1376853435757539
41.5751365305094680
85.6085967277406894
43.6030635641755069
57.4955300856630700
90.4574439960330636
42.4122921971221132
62.1754822313218085
14.5153981585037410
15.9042880936436202
15.9722660093666455
14.1005144534170608
23.8503416268175705
18.9714165378811010
19.2503720729855097
27.4437366682821491
19.6091142160363319
16.2524926428011867
17.6477716966330433
18.3298493591997165
15.9473884266370192
17.0431808718309767
17.5430718320717993
15.0063879371902491
21.0687036304672191
15.5522139811898423
16.7442401096162321
16.9069141131584857
17.0217205033134569
17.3792784903772670
17.9131535888145983
16.7167459094496813
33.3519154115514596
20.1526220588528702
30.8967948220224642
26.3984042145917712
23.4441020128539108
21.0021626578397687
4.7258835679671822
11.6202172732904714
4.3484437020164348
8.7945473313223079
29.4522697695224274
19.8465255179743956
3.6639858908974468
10.5653158246945917
3.9932883001748989
7.3965355316788246
20.8658130823626813
17.2921716775868290
13.9899256773512306
12.8103030429706735
43.5201525417926192
47.9777360191975788
38.1382522985198733
39.1547908811559893
46.2722182273268245
28.3726986504822278
40.0257620139518551
33.0278301038785997
39.6875315124834458
2.6312280504410896
7.2176031871001811
2.8429205020987651
4.3862791451124306
25.8338951919523723
14.2222135999244994
21.7875770562638280
3.3610100303864985
7.9158210918981631
3.0870596524819200
6.1689319269596954
5.1569192665033921
7.9997917633234596
9.4413619305117162
6.1686494749701239
6.6644115552037437
14.1471970864357885
11.5011226090639180
17.8543283157743673
9.6585088275473012
15.9662259787142062
8.7671223341607050
86.6833992801507662
69.8623813111616272
61.1161081946055873
40.1559396991177735
53.8116275732794307
33.9172065186669371
30.1920741799998780
49.7371854328400929
43.0746086964633079
27.5621751172588816
55.4608676021407518
22.3199965025137246
44.1452463320721407
27.8952400799276994
24.9124869798781994
38.8367574841716134
35.3267553033164674
15.1312255634167325
18.2748849336740236
17.6988268849980734
13.5251005540210461
30.3415447820502884
23.3863729565920515
34.0086946193758095
23.0021362388016968
24.2640848678256056
22.3397395549210351
20.7186962472305112
28.2008639467450806
19.7120019683005445
9.8702288019843376
16.2524772493809131
11.7371577930078459
10.7049717330291259
14.6945950968022547
39.1053132696524486
25.5930735220145387
37.0260928780509602
33.1149040405729380
29.4823117157639523
27.2458078832769317
12.9108992623027259
18.1744368200272319
17.3249219268100170
11.7280138404616103
20.4349198018013283
14.0287391998196149
4.1254609582041768
5.5156762609959156
4.3387237812113639
4.6882280095439528
9.9264869730238150
7.3840624039653209
5.1866009952393073
5.9301447750061316
4.6923250025008967
5.0689203362733517
6.6024870105650360
6.1096294635166517
5.4754796331853353
5.3567118376086684
34.0072631685214049
24.9677243972982978
36.6774096681986990
26.3959177157850284
13.4283616837538808
18.2801053305242043
40.2896018824483946
26.1765442266748387
38.8397115906159058
31.0052568276419471
17.7455932895505057
20.0643557284483336
21.1002004293753274
23.0173227697894873
8.4512114183190228
9.7253334893165366
7.4662441824590662
10.3775394649618988
11.2944591498725160
10.6758302618429397
9.5881667186332695
5.8189082958205312
8.4640974356755123
6.5826990162319579
6.1898285919856200
7.9909371627199111
15.7535639812849144
11.8632529480047815
12.7726022705975684
11.1715316508866440
6.9482401239378584
8.8820416966304130
8.1547989641166918
6.5601777047192735
9.2507220306683688
7.4059520097774225
19.2992450636899626
12.5893909571715010
14.1258636276341178
20.9271359477321646
10.2673547997570527
9.8511468126939157
9.0160921346794325
8.2365945253264048
9.9524362423121371
10.6228805133383712
7.3666998013507570
11.6409168395851061
23.0824307067456900
13.4380240159329816
22.2186349961717120
16.4789955060492801
6.9593367265316042
8.9922748145760121
7.9215616855419020
6.9475370987459248
8.6958160699840761
8.1642373866475459
37.1447268608737531
26.7568091670484556
39.2404570829543786
29.8955671629013757
13.3285158297204962
18.7465422179916104
15.7546776792341081
13.1509375690055048
40.8739989771398555
27.3733475337265979
40.5184279630881221
33.2657405785156257
32.9092212335159786
19.4682422143229843
21.7818661671233471
24.1034199294521549
16.8635895198443144
25.6431375158203885
22.0902396591457517
22.6805267878791206
18.6472252403586651
27.0423446338391322
18.8212811646530511
27.4626698549379924
12.4294162717009229
18.3929261146979428
12.8578077309319632
14.5008909819683982
15.5135920804432352
17.7577098097947470
21.9678578876139916
15.5965451226009879
17.9651716749324954
22.8385170863089044
11.7047696147551807
12.6861952028300298
13.3627512137302045
10.8056405034293750
16.1108813166111524
14.5349126234420094
16.1394177452581467
16.2730222068312074
15.8861390852433058
23.4660704044132054
15.2320493922393947
23.3680677633864100
17.9595626943671931
18.3841405062463146
17.4994888869154721
13.7681537642615552
15.2802212273409719
16.7805368618826733
13.4287341936863687
14.9552779212232760
11.5846468048532003
13.0871316594871487
10.7455614814386546
14.1651375763480729
11.6854461880429259
14.7614159384414005
2281.5161781131996577
1015.0050312649875650
1444.8794064842732041
1367.4161500356444776
321.4916182848613175
550.8543264753476478
640.8775386853482132
800.2934752826628255
943.5734995917193828
1073.2708617585610682
555.6944874351548833
782.0759264453052992
852.6280405697987135
1036.2071817712380835
48.8800665539707424
76.0444667386131528
53.6901637656261386
53.8295374549904437
194.5963466059381517
120.5456097480766431
60.3987063356001030
83.8452108201636293
57.6607332504769730
66.9445674580532710
58.9822860639941240
83.7943125833162838
57.3507616453124314
66.9939804435809521
165.7577545604609952
234.7458167777840856
228.2767022445668488
146.5471139847120980
275.2440708419696307
283.7465209622829434
354.6606817956757141
446.9768745809354868
320.0676267844835934
317.3911066760781523
535.0939424326685412
275.5135579242621588
109.7883536680677281
197.3026281611049626
127.6236005121681671
172.7692239139286983
603.6730052094459325
353.3387330625478739
460.5246469388745822
596.3021590505136373
366.3812270363440575
437.3583005589071036
123.2807987586290750
195.4555892106289150
176.4016757445252779
110.8299854279929235
273.5070779599006983
263.4301499951992582
351.7123605365173376
372.6964896709473578
277.3238411475657585
254.7379377379902792
473.8608197923530838
225.2627695436363524
85.8932686171837645
167.1122202682639966
98.1773424266447563
138.2869474647309289
594.2333127283327485
323.8515706378733512
455.3638664765973090
560.5427148915215412
352.2497964265751875
394.6226437082951861
55.4990075580774445
91.4827398299201207
59.0202289906370652
66.3880466025892417
214.9639592043568825
145.4576168639015350
168.7773868232801249
226.6607797269715263
61.6027224014075330
93.9639236558540745
61.1283496488574869
75.0266339310036443
74.8237405686419805
93.5185974715683983
111.6114814805668090
79.0373410290078624
124.0165098235040233
86.2937628998461719
105.4399144338913032
116.4839455693213353
133.1242880102579136
89.8754434151279185
141.8839577327171071
93.4036429763358740
216.6493816995415500
143.2658404274539805
227.2236039974593496
164.2097369948102994
181.7876011186421863
135.7131628545055264
46.2527271403786244
81.8471629422551246
51.7055061749646896
54.4795567958376949
213.9245603718470647
138.6549196467051956
168.1583461696268671
220.6899871003579392
58.4948659105261157
87.6767891978831244
55.9562598507443880
72.8094176822293093
67.7112717940124185
74.3744885433852261
98.6692364324666329
63.8634529579309032
102.6176194188426223
73.5443708143130834
105.2624889869417473
111.7412691894323302
132.7703445488865270
88.7555991151904067
139.2474328622566020
90.1230320259326732
193.7192809913505585
131.1934912862704152
213.1785046068188763
141.2798078580091499
172.0309960308374855
118.4344933576354464
2.6504424968418863
6.1151687313349088
2.1718105584970764
3.2978950689328861
12.4307034827294736
9.3069141073404591
1.4992477931346779
5.0285124137677641
1.7963075640683999
3.6313619007461528
5.2945490151878802
7.6109774948092648
4.1528669939304006
5.5209403957262229
35.4773946272526075
27.6277188236976663
16.1103776092618887
21.0520531710445624
0.7809821730808646
2.4837357213380744
0.9102971120191989
10.4768088757525195
5.4452120464358140
9.0938224595386785
1.2606321655107411
2.9329230016694048
1.0679570316275437
2.5080014218544822
1.7848424881003049
6.4412659584330667
4.4946415999177178
7.7659129574932564
4.1944064462840300
6.4968726401689878
3.5052702607465847
16.4382928303961293
20.1637336133970457
12.0357961333457197
15.0426738903901658
17.5077819476316670
13.2324953115984982
6.8467374282333280
15.5434930985647366
8.9941764226499146
8.8758216818435294
15.0311782604660067
9.6332896029087678
15.0717085152094228
11.4636786950962843
9.6012932477066606
14.1487063510063145
12.1758806115844251
15.3459978789593414
22.0951025521100988
20.4313197922707701
15.0315637671204829
38.9595250900748482
30.2948906644296976
36.4920546642769068
29.4124486106569201
27.2682306408472108
24.6548127714672205
13.6896772825194279
20.9936541712904621
14.4665807560575495
17.8684636526702576
43.2384978691699828
48.7341674660982349
46.2282512934007173
49.9155571209774820
121.2837455311328085
94.6666274101248462
89.2423132366598395
50.9358625826577480
70.5556802212238097
45.6679511510423879
48.9849755118710704
70.3887241359817182
65.9837455794879588
44.0740465982656673
79.7509131740702770
34.6206384635012654
61.4650414785901802
40.1205740425118123
39.2435902010999342
53.1857067509000032
52.4884748785974224
9.4847151142775452
14.4245708825059591
10.5955178445131271
34.3719109420059681
22.1768870185780251
31.1987781763875347
12.7496585141126566
16.2092090719687967
11.7003416339856940
15.7865224915892775
13.0872498961542334
24.3379659450333605
20.1223603054561835
27.7907873022984866
19.5843561049991983
25.0316270466286497
17.9582532445621901
727.5969892253111766
196.9505557239106395
398.5418497186047944
384.4493418945630197
62.0020057345563202
93.2116202520484194
124.8427426726139373
155.7768628287129502
216.7378884935991721
242.0620945189535007
150.4927801771075906
146.1739045184712609
226.2960371420445540
224.3292704039801606
44.0059839140775892
50.4755495848113966
38.7625407700141835
54.0522337828711770
52.8598034577408811
29.3678853005587364
43.1739959329600467
33.8214154930967581
41.3516052188492793
22.9622853202136064
46.9471850433334765
33.0534532746640650
27.0810771203922762
53.5082451981541283
52.8648676638143087
62.6689520793328398
76.4630590654790581
63.6243220481965892
49.2435053926636428
110.9592839551569625
52.6172185687901646
24.2507800976627941
39.9949915797256637
26.4935945854814534
35.1043597363692683
106.5205983176580986
66.5438940655660076
78.7987605120052308
117.0281538860083543
65.0660096447848559
86.4948874079029935
111.4930761409406585
97.8075636089462535
97.7194384153077209
64.6686383481074216
81.6410415655746391
70.1456236278569207
113.1121348284761865
90.3976398969037263
97.6670024247072917
115.3254785504468316
94.7316386871060274
104.6327682967537953
84.7184556014028800
82.0091046769859133
112.4529198179326954
77.8589568600402941
94.8166991023518477
17.1312693994071310
24.8319903303140883
19.4468144417637490
18.2812302630646144
48.7432638813355936
35.2913132845965265
46.3960906787674858
45.5374187682717420
25.4913525642791399
28.0026661214676480
22.2015685881433242
30.7749243671616455
23.3873850295553893
21.8418995738712454
26.7402542635852605
19.8196545281414735
27.2658988831485765
22.1505102457764558
44.3482037281879116
33.3538549868258514
45.2225887805140943
37.0215404062527469
39.4823710820274769
32.0031979916492730
42.4717610978895834
32.1337455502784479
43.8493483238889326
34.0424994135561008
38.3932653583120782
29.6792636975496649
0.2976862872881061
0.8352400670921939
0.3242354051075332
0.5015426605897889
3.0370170970923649
1.6657873852509510
0.3997213725667575
0.9293918071393421
0.3580339464665362
0.5978630369493521
0.9338449877904190
1.0929125792239907
0.7120395164472589
0.7671815877659418
29.5803356393463091
16.6573885436064550
26.4620673315059456
5.3752912379754747
9.4455919219036844
20.6076258330473117
14.8394708036423992
23.4316822740180761
19.7899676708161714
0.6743447448408810
1.5669960023592959
0.5856791869843917
1.3041644441289055
3.4949248419411050
2.4870015675628556
2.5913441269515292
0.4505605156580028
1.3595132397527872
0.5118156366453468
0.7508470566447104
0.9765391827845524
3.2187451762691519
2.3574178025263408
2.1304810818646986
1.8271601089824328
1.3604816172731673
1.7665927983260825
1.8973153839885977
1.0521709011752365
2.1696220877416801
1.1950288795407491
1.9769619907134108
2.2803827244522568
1.6931666293994820
3.5727876131790466
2.8092634531767553
2.6958517531633057
1.1703796729712945
1.9577615040379026
1.4235081450063345
1.2537301000726742
1.8027341780858472
1.5014060810968983
2.1578322584263292
2.0226473358581560
1.3641297299686741
2.4034377017302675
1.6520243498852791
12.1413343793740722
8.9103126495305833
13.8523967724239530
8.9571746532440724
4.7407701914146028
6.5079946443392931
6.3123686168908542
4.0859909755208816
18.0594227487777239
10.1722796443974879
15.8117817153561226
15.4294453937176002
11.8838637819634361
4.6477521664127543
6.5475852861089638
6.5175690006258691
3.9705856083141433
7.6589965234322852
11.1513985625774232
8.6894514011937218
8.3902765950487446
13.1362365200320550
7.4103206225893841
11.5777495923690896
2.9040289684638387
5.5956421509585805
3.4767788649155338
3.3944631104798484
4.7811536861978094
4.7564410105533828
2284.5066669659008767
1016.6536003570564617
1445.7527770566628078
1369.1734514252050303
323.1854364560056752
552.5017279777965769
641.1201412104722976
801.4118305388392400
943.9845961944043893
1074.3221081490908091
559.0933506092430889
784.2003452273293078
854.8863890735698305
1038.1868210297920996
49.2089616701892112
76.9960146257993614
53.9414341536877018
54.7703151571693496
196.2134311238207829
121.9208199682986162
60.5421758764555804
84.5652851929434064
57.8513772550803651
67.4516031941261218
62.1025297122746522
85.4520532400868120
59.1867843750324596
68.3240804531655499
165.8039217662323779
234.9795604909612052
228.3465899072799914
146.6266085967571655
276.4692318827075610
284.3496541450153927
355.8895153772201638
447.1335645051404981
320.4130776712664215
317.4955537787690787
535.4978728716946534
275.6949946854028894
109.8980896378282210
197.5669942591758002
127.7240773310981865
172.9246919099242916
604.8417777930895909
353.9092178870756129
461.7325623400041650
597.0508842857908576
367.2433127294919473
437.8656461890934679
140.1658359305149304
204.6246797369936985
187.8787277386820733
129.1151206921590529
275.9251058658247189
268.2240212496551521
354.1165856566891534
377.8626359365102303
283.6178559443779363
262.4857194916727394
477.7665715562671949
233.8076654457395875
105.6629906411402544
176.7055462365086100
117.4513917750831808
151.5925890087191590
596.4806789808045551
328.4546071201972381
457.7082271624568648
563.5083601108055973
355.5946522498821309
398.9290111276386028
55.5380979642070329
91.6894956944121162
59.0763479649595808
66.4603476992731146
216.1563837313921397
146.0097755757379048
169.9049585828119007
227.5252794664839939
61.7095075553740600
94.2542818554567532
61.2066036076644622
75.3113245023095885
74.9746149139137543
93.6264484431634116
111.8577215077373808
79.1326140598421262
124.1936982489933285
86.4368043570909350
106.3330820303375219
116.9717347710840158
134.1527012637342011
90.4148076777961904
142.6438304763476879
93.8026285916606781
217.0626557534741039
143.6577599431112446
227.8335460853769803
164.4854346961796239
182.3803929036312184
135.9825116667648217
62.8953441727559976
90.8869690995958166
62.9725396416339862
72.5747658830185856
216.3044015636596953
143.3602351187631996
170.4444758562045763
224.1201742979569929
63.4424232617479262
93.8190864386017580
63.5036042358166881
76.4669039367673662
76.0862291625216187
94.1024095338786992
108.1817229240518401
83.0160837867333328
116.5456371238994109
86.7277269513331106
107.1882420984246096
116.1978040282309479
134.9053902192597434
91.4243921053990931
142.4520124586059637
94.2280805416521616
200.5840672219754879
138.0046978641800592
218.0541095924634760
151.0767714229266119
176.8770109906781158
128.2039543057667288
3.7331781901318668
4.5103962146738414
4.0404226867455897
3.6666317418407490
8.3066926913519659
5.9722671922527590
5.0208015995790847
5.1741779453382408
4.4683796791576276
4.5197396913025401
3.3494318262656755
4.3798604823062037
3.5361942064193079
3.9495532238809479
33.5561774452858685
23.9189689186653780
36.3344057158652873
25.3049699108619102
11.7993448986973455
16.8412549841286356
40.1001772043390545
25.3885680391848645
38.5827681864972121
30.4176220022681996
14.3970887165385548
18.2840566500519444
19.0798163151841997
21.5500057627919617
8.4102780744495327
9.5178998030026154
7.4058813380093333
10.3049403484618054
10.1225268741970069
10.1302524080994623
8.4598986027661169
5.6980872902678597
8.1692485381014652
6.4962986058393648
5.8876520007701236
7.8353102559508798
15.6485852162102912
11.6210169196973414
12.6786746481687711
11.0294715738889941
6.0275289522719904
8.3908605039542010
7.1101896890586387
5.9991261133196758
8.4890926103843469
6.9956728249101907
2.2701285929059196
3.3002697128529155
2.5649097820401292
2.4087583975029645
7.8722381162222614
5.0230216393004099
6.6919589415449723
3.1169529607042961
3.6267962045094539
2.8511692366952697
3.5749004669064068
3.0273463960383302
2.8926366724618977
3.6708673006989092
2.6164116134627387
2.9594856287762585
4.9688884403069267
4.4051869808031441
5.7326698262345239
4.1808785605058914
5.4096588018132792
3.9252056390361187
37.0990073915624947
26.5426429742257497
39.1727712203171450
29.8192949431570433
12.1528656752451720
18.1939745213683075
14.6153119912847256
12.3189644095254707
40.7367701581511170
27.0679423197291662
40.4209461410403108
32.9436632762660224
32.7445050966723485
19.3624809021639592
21.5354976435608556
24.0071916419648375
16.6930792726414730
25.4970039200230154
21.1442272889426270
22.1778310066274749
17.5842980499309931
26.4584003772801069
18.0478845175277733
27.0365489220261601
12.0471432915438914
18.0070198342122261
12.2839406151238517
14.2406068930085627
14.9373813398927666
17.4960330143578631
4.7203455985589455
6.2184562827190941
6.2311676899981974
4.1487489294484066
9.3036439187733997
7.8274185329851678
11.0207295863796801
7.3317047682459489
10.8771074912232262
8.1319017321158551
8.2285043213697016
12.3989095209375719
7.1554793620725770
3.2384598526452475
5.4091843293254360
3.6561018947485562
3.6859467593074537
4.7638589765917061
15.4687567936076711
9.1313100003940892
13.0619538738430556
13.9556390360561835
10.1117860086238576
10.6491640501402252
4.5938476153760686
6.0687405419025042
5.7898491888985388
4.1423164655039812
6.7193772142047887
4.7196163079704556
1.6835176486862291
3.6640079623091060
1.3019571186653651
2.2133306529375862
5.0717968782412512
4.8505431595187050
0.7967116703282981
2.8270445470578198
1.0144528144539595
2.1269086316490893
3.9341295718596072
4.8366454513588693
2.9372337275051135
3.6366822773445349
2.1485304021140226
2.8475928402840780
4.5630452410673463
3.7147580503587712
0.3256499554444124
1.0724290412656130
0.4025243338968402
3.9715609227951281
2.2942999384747278
3.9525718992946373
0.6299356818171812
1.3527627868848489
0.5018213376524886
1.2954546440162820
0.8113417674041660
3.3984452924102180
2.0668529001499123
3.7660966556746094
2.2069796244061761
2.9342651077560982
1.7261000314590340
14.3533696446581054
15.7378097893961275
10.1526248368603547
6.4665977988850223
10.8372996999040936
6.5491015115426094
5.3267005580414208
11.5832457031946507
7.3000635218987737
6.4979125262262505
12.0655434172745846
5.7686026953078953
10.0981495690074752
6.3291401822200459
6.4470726998143180
8.2739399182824052
8.6232055650257102
10.3086179171975711
6.7858154611943089
10.1209407943043388
7.8097448142706885
2.9358048147804547
4.4312354421128717
9.3120609148043147
6.5457719709364834
9.7814668142325445
8.1491603845403358
4.5413079156102558
5.1822035575538186
5.9397786890452338
6.3706786081677675
1.6941043790956416
1.5075034432293084
2.0521349773497302
1.6100040984507695
6.7348597752870729
5.0610177126607150
7.4203715980024763
2.8120765403636505
3.7760603837214819
3.4298595411369406
8.7408402551708146
5.4719926169476825
8.0994269887779833
7.3877626207163241
6.3792073076388931
5.2567240547785943
4.6862835734038679
4.2325287988171345
6.2346356033722916
4.0095903732081632
5.8700808107262334
1.7375301259923710
1.9231758693841197
2.1514588820381131
2.3307894352004217
2.1259634692012286
2.8133398021160452
3.4976958121860324
2.4158561431244854
2.7224297338148200
3.7410630766498478
2.2818522353886559
4.2129703858531506
2.5508580129867928
3.4326099356772986
3.9811729954298931
2.6842146785813288
3.0836069487928075
733.4957281598105965
189.0321015936113156
398.9098858724144065
379.0563244468536368
34.3007532523716350
75.6271760216376094
122.1312597121088999
148.4684002344002351
214.7275794598107836
238.8703725791877162
130.8540926640268367
131.5387450703078116
214.0472912976784414
214.7543930185910313
2.4334276780939392
4.3549380106903364
2.8302772199430084
16.5360176418301350
8.3073182455988039
3.8429751304386541
5.2042590900466656
3.3036057777041052
3.8078601864575217
20.6656199505257341
41.0325032129053611
30.5462181509881141
23.4601241349858967
29.4709343027779234
40.5181531440071367
42.8017557861682576
73.6530924456542095
57.2501872601427948
46.5473265901311066
106.5604639006514844
48.3856671983376572
17.9377758685156969
32.1281241847946859
21.5433314192512420
29.6458251047400125
94.9528272491409666
56.9614563337600046
63.1106174103175590
109.9158725367082639
51.1120835677178817
79.6797258076463066
25.8784577111888545
29.1377823918324275
37.6066278212605383
26.0883255730277988
29.2238698589957444
37.9213493145055125
83.9594664891552185
41.9653733886500859
55.5774808309549826
89.2806682015826283
40.4106386550023160
84.5189430654978935
42.0402116428772175
56.0083712002767840
89.4867012318687074
40.6223676577692956
61.0223392171042462
6.0876196143632759
9.3468552383029522
5.6035431430849414
8.1744311362659374
20.1550794599985288
13.9951920259925711
14.1731381083615755
24.3843086730351324
4.4291241901101124
8.3199504449627710
5.0309940855508186
5.2488246002511518
6.8485536351270850
14.1716631630535090
12.9138587063535297
10.8610873734759465
18.5131868143085327
10.2977791100053651
7.1988270606526807
10.0328555497350482
10.0562673634627124
6.1741832256898883
11.9897913779158216
7.2322463547593507
31.3613371752101671
16.0984475513450072
28.4043318102053668
24.1371727782995933
19.9131513944873006
17.7513778633450983
0.1095938256307921
0.2778958275584558
0.1139212332888310
0.1871079404456336
0.7376481271439462
0.4834394709762782
0.1370537218534489
0.3020041150268496
0.1229251974425489
0.2028004877112148
0.3535247049486240
0.3538257893924785
0.2679412552852769
0.2679437727829761
1.8192047806766507
1.6211162165301465
2.0631175880859844
1.0351772939747994
1.3460163146988322
2.6658384411159446
1.7965829460570195
2.3486864830437773
1.9451206303734452
0.2661561489407472
0.5656032908113723
0.2198784018275708
0.5246693734193474
0.8655759045349954
0.7670324101723970
0.6987918985669971
0.1571215337590325
0.4678822045598208
0.1841813436488009
0.2543723018430046
0.3537723535692753
1.2921035222835267
0.8351902320535192
0.8623237187372861
0.6962053293517771
0.4191513685690864
0.5676576782172322
0.5498805605990894
0.3418219676402535
0.6427450568663475
0.3963245850936227
0.7590611044867721
0.6427104939589949
0.6481526406930119
0.7690618370698574
0.6459484085741913
0.6538160141942689
0.4449922819562938
0.5716546836303652
0.5431672088074734
0.4272769327816328
0.5963717635277138
0.4461376758839480
0.5727650721112532
0.5459929824019748
0.4276582144729782
0.5997248084262201
0.5000790746204237
3.8541404148938843
2.4297947279651373
3.6240448259406333
3.1317178086872510
1.0508487445803962
1.5663268396834544
1.2416561916979123
1.0430819846789230
2.9993998516521194
2.3126543454430482
3.3280612702950325
2.4303239542567718
2.8885278584244038
1.8196574751891261
1.9735935885265363
2.4399785992495300
1.4498202337545116
2.4798787427026285
1.6237934990874279
1.8626228117591421
1.4356046593043030
1.9792947590101897
1.5123293585029924
2.1565287563608369
0.9389392012122950
1.5806988733597538
1.0073623989976099
1.1620720974564263
1.2767359924705481
1.5446755245440700
3.5275294404142099
3.4451524835877358
3.5924050499260258
3.6594140716109842
3.1918282796608102
3.3403910821479030
4.0468390684153617
3.3476589133287185
3.7666298775911193
3.4691280127855770
5.1804193333405193
3.7624233392950490
4.1860145828786610
3.7163792538762630
2.0594517575112286
2.4001073354825007
1.8411106667147055
2.6522493460799437
2.9844504175254252
2.7163033812630766
1.6485217266512959
2.1419801233346547
1.7037994949173536
1.9911189980328337
4.7501508478535781
3.0682956692856513
3.5121531466623788
2.8658253852899196
6.0709987999859116
3.9469760920451855
5.4528002684619228
5.3239579796869689
2.8521366557269139
2.9686311604402333
2.9803281442267355
4.4273419234173126
3.6733705876988112
4.8998235780887125
3.7516883932038900
4.4022746941617754
4.0667323561608821
3.5330779865243671
4.6574128328279221
4.2802463866133778
3.2267013586451481
3.2128507372188198
3.1047554913987625
3.3610386781223545
2.9872409007672234
3.4736942514689906
18.0542142451581640
10.3891106215331153
12.7736043264290018
19.4259395013437199
3.7383495379245320
6.0215744803814397
3.7841172814515658
6.7766902526461408
7.5947404283720594
9.1933398457950144
5.4655798845692738
9.8517862034498478
20.9691319856951068
10.7687023862724391
20.4289302646869473
14.4741905692431985
3.7923117147012380
5.8996260846241340
3.8010048558988143
4.4857778737306564
4.6607487050071947
5.7101031382962484
2.3491373478268418
2.2507467485490555
2.0171763916295142
2.6935179273320786
2.7192821663661046
2.3265103769602842
2.5813742514036702
2.6389243288025703
1.6780583193979342
2.0461766084661717
1.7979241782758375
1.8007592120475824
2.0107633225999333
3.5464519777882253
2.5203383963968666
3.0906974344254166
3.3356933236106463
2.5919348011335077
2.2917049623355514
2.1393553081327701
2.4385957667987213
1.9971418744494120
2.3097329553176791
1.9642765320548410
3.0313165632969952
2.4931286234400289
2.7401782849423073
3.1588893841170367
2.5264787530537816
2.8221626120184946
18.1644186146444682
10.3409997201676660
12.7812935008780908
19.5201014235527452
3.6618342381035616
5.9089889380199896
3.5543473758889288
4.6534881215030302
6.5281938185039881
7.4546857606641490
9.0855683447667079
5.1178317979522729
9.7768892669144432
20.9915132913808229
10.7421854074524052
20.4923564784683379
15.1192851705682152
14.4923672026449424
3.2538930427450583
5.7105955381306188
3.4173553014253137
4.0409142837103369
4.4402069681449134
5.4427850459558336
8.0431807843896301
7.9983292674825863
6.0664901361020593
10.9622767611274110
6.0291076223920568
10.9538504880125895
1.4460212518887026
1.0982085147748455
1.2814403864161354
1.4159660002423722
0.8304212549846107
0.9053652127419642
1.1006316157116252
1.0219201721674906
1.1656666558913007
1.1335509139761273
1.2932202423300105
1.0627045235329613
1.3648450108927861
1.2154779643256379
1.6158481777090079
1.2216432039015424
1.4773586953267861
1.5420584814650167
0.8556618135581658
0.9804901011327898
1.3706205667060780
1.1615074538576551
1.3946438646305863
1.3018837697946184
1.3623328520918552
1.1500750201210850
1.4584820137083205
1.3221535735870624
1.4460103167732177
1.1398993984161438
1.2518004036242909
1.5010595084180154
0.8546144747800909
0.9532543317653935
0.8603010221401641
1.0893807416422039
1.0351381859328765
1.1370409434447886
1.0314493837877494
1.1310866099692538
1.6360446713974466
1.1618100218477707
1.5649525767955625
1.3111900646182111
0.9415741737781474
0.9601379837336028
0.8886509492638159
0.9829855138753482
0.9027822197863222
0.9855106910483055
0.8737568586028445
0.8492169565727326
0.9890738817270662
0.7753042256920004
0.8095188418589376
0.8144673656484803
0.8270714654801342
1.2037774570114130
0.9121613635984264
1.1007352560028907
1.1070036806255266
0.9528225806330766
0.6839778520791540
0.7843243192159388
0.7131508265322110
0.7823658791596687
0.9504310457601800
0.8736989580919223
0.8731948902300135
1.0199455717021566
0.8434447275724475
0.9695349387719145
1.9643114864478093
1.3580159461711512
1.6969677827212357
1.8779992373557155
0.8705748620834740
1.0314696899063538
0.9080400915649219
0.9055302339743403
1.4090555597850953
1.2345451078856520
1.5153136103429952
1.2571046433425446
1.4316102356052991
1.7128036964448736
1.2940847272259361
1.7938497641414963
1.4110166175356929
1.5414988880814497
1.0513615340398208
1.0893595032570222
0.9677501709537518
1.1411479765091865
0.9836301809626355
1.1640738063458680
1.0474508879129396
1.1152370945240493
0.9633658508543109
1.1954527116944091
0.9895525822433751
1.2397806444245658
0.8899437979744527
0.8683326158742900
1.0136978335485913
0.7866189772983696
0.8192783539543546
0.8325965435071604
0.8563287761177142
0.7986223512552720
1.2540840519204786
0.9413078985840027
1.1365221058841593
1.1626918257999483
0.9800271339336659
0.6861938168248900
0.7956731308511933
0.7198448814032673
0.7219754750907221
0.7942027492443932
1.0184950487272586
0.9040599741859987
0.9218926979244291
1.0814925124927053
0.8740359696731312
1.0123685189030838
0.7851442487536661
0.7947071716669345
0.7886371804503963
0.7546055480852433
0.7946662950660209
0.7583689656733158
1.6797349245511188
3.6124096175690164
1.2995305613416126
2.2081621439137309
4.8965696199399220
4.7278375346904236
0.7959523855296523
2.7884319894759915
1.0129788128001440
2.1103200989660640
3.9240848227221821
4.7661454744787282
2.9300823835926448
3.6060647291358867
2.0502667985798988
2.7127894966983184
4.3742781758814111
3.5450920059427666
0.3269880336037469
1.0624224993847302
0.4033707194120075
3.8390918144022517
2.2439135808517601
3.8369796781153549
0.6297465680883964
1.3378148234252472
0.5021626459070448
1.2866754106514138
0.8075988056417347
3.3328335448252595
2.0309533757615585
3.6737174846880434
2.1780780040005321
2.8654180847492454
1.7049334826561278
14.3064914482049765
15.4813953357242156
10.1220397694392847
6.2386690712347770
10.5457807254581066
6.3468009104693435
5.3125420838178004
11.3999771077657623
7.2794850802068884
6.4397290248096795
11.9499794078811483
5.6505640324680924
9.8817767465636752
6.1649165950765639
6.3505015166446048
8.0549722084263333
8.4905734449357197
10.3082931584400050
6.7841775385461505
10.1199619617148091
7.8094774781632097
2.9271314536464832
4.4270198515756016
9.3079774658766272
6.5408674111533882
9.7793449745899483
8.1467895565078052
4.5429585484179977
5.1824895303654870
5.9400563674209508
6.3704109012629706
1.6269030768125878
1.4638532066249339
2.0362505392544099
1.5829582268865054
6.7055028815509292
4.9984584972235711
7.4011437787800105
2.7748175763030187
3.7108817907000118
3.4053981256555850
8.7335871636589637
5.4337196474787337
8.0873218333125418
7.3771635455967033
6.3476420621327767
5.2476824129861290
4.6469657097072421
4.2171937617895177
6.2234383705157681
3.9748885954945115
5.8482819426651966
1.7621818442623951
1.9748013140828211
2.1665532913764038
2.3466111116711659
2.1746726809409500
2.8222788804795300
3.5019409262173591
2.4449592985885564
2.7309628373343111
3.7470607193891787
2.3066779189125128
4.2146949533138693
2.5787381833876224
3.4370553510657276
3.9863319463653442
2.7053632970339789
3.0978577687338489
722.9908887838072360
185.5443075161004742
394.3245308322566416
375.6601373749692243
33.2637534945656768
73.8137840188819325
121.3092990298927418
145.4714753604894213
212.8672915740016549
234.8266395739532015
129.8958828044259235
129.1747810804838252
212.4469881047309912
211.6912774990591686
2.2877945339693930
4.0984102801411071
2.6724434808034494
15.9115522089765058
7.9123126553021130
3.6505193235848554
4.9277339246647367
3.1296007939181365
3.5929402488053572
20.5929650522565133
40.2838455077839370
30.4250575925509388
23.2135293046272011
28.5201199464353863
39.3929002418319669
41.5575002584762174
73.2518054930740732
56.1612553254833315
46.3340891060427538
105.0265977756365174
47.8039232191879222
17.5365893776935380
31.3776914468927792
21.1806868600315141
29.1275065154599417
92.7582652031370714
55.5912951867094307
61.4669170099237760
107.6825385261065264
49.7210566084255845
78.1034443700565220
25.5287072678827691
28.5498268781862130
37.2117062629450501
25.2564701581595266
28.4428983100404658
36.8546712857362806
83.3055752798516949
41.1943677900423566
55.0898259649178996
88.1339657874225963
39.8277278013761844
82.7162373760683778
41.1110018230180145
54.6271020640501916
87.9176030904081784
39.5904716530977296
59.9479688042039669
5.8500627993085947
8.9788733441293225
5.3666729560526623
7.8830682931549481
19.4341539499846974
13.4585822656507030
13.6112299248054196
23.5619270936403247
4.2181204580839875
7.9659197797780559
4.8041034508969727
4.9932159131084255
6.5564872183802390
13.7852834149306496
12.4527296719005545
10.5170416267355780
18.0027675038714037
9.9291745377267002
6.8491960631312523
9.6112841111533598
9.6144617034188773
5.8718023434791933
11.4975532329769372
6.9022490624290782
30.4866284667007008
15.5290982787735956
27.5169498331731432
23.4662525041550438
19.2215933166178061
17.1857924099530806
0.1150462828057194
0.2899200163640205
0.1188089327859020
0.1970706148349004
0.7579502448310522
0.5008893149849614
0.1408578189261722
0.3119246552290825
0.1272631510169846
0.2104622757269377
0.3781242319819557
0.3720834827369531
0.2839834182521672
0.2820053656740380
1.7744665782933231
1.6157165855477289
1.9950553278166514
1.0541027510055949
1.3576554820103717
2.5573662887904636
1.7663793025684706
2.2592702885308076
1.8986782606314296
0.2679345400897633
0.5659466313731544
0.2221528397307764
0.5244899310729380
0.8750122793815802
0.7673447203042298
0.7104297458908537
0.1604082309962373
0.4709161397506440
0.1869581593122145
0.2596265647500057
0.3564673258049060
1.2745600158652985
0.8300323672384412
0.8562500019873601
0.6935564719582092
0.4307740454968050
0.5717018870893686
0.5621462750785567
0.3496139338066532
0.6493315697713681
0.4018207462226117
0.8735349777104786
0.7307361839702288
0.7274301077010602
0.8033349490781222
0.7073433836050158
0.6844658167879228
0.4818274932334843
0.6319404259778678
0.5975171012093276
0.4594829268343409
0.6662313412006260
0.4686358170247953
0.6233394550345125
0.5726669432516751
0.4550782719533275
0.6404366717709862
0.5409263560863333
3.7127772297493982
2.3554684108155457
3.4818233066045980
3.0329321531479989
1.0570450759784502
1.5383974183997837
1.2420776909916085
1.0409866557967256
2.8749603217727770
2.2411435956598691
3.1919125719097581
2.3455996070014140
2.7847750045260806
1.7834632695904429
1.9241934921635080
2.3767523805119741
1.4252889445649572
2.4082574809244579
1.6062875106237227
1.8185443761721671
1.4281770326116827
1.9299090915447916
1.4919549428469525
2.0933615887965713
0.9322862654007920
1.5497494439591062
1.0013569085610141
1.1472446719356717
1.2613388588391736
1.5152230802600826
3.1359406186561700
2.4401726684571146
3.2942041358351051
2.6390810624875831
1.5708840344456607
1.9283326838189605
3.8800787613090537
2.5913523531855431
3.5422333566568396
2.9198484637437172
1.9302670824825761
2.0335512803701210
2.2486989900804737
2.3103130290749503
1.5962292999802321
1.3436026389880371
1.4850559581064466
1.5528463482807588
1.3528942511995150
1.2728029724913619
1.4455886953622155
1.3457464031496473
1.4333248768531355
1.3930548922017361
1.3990333948866858
1.2828427580847281
1.4864084128563695
1.3918276828327343
6.0275829050466703
3.7370752893435140
5.3902373155090082
5.2486134383549325
1.6780934542676367
2.4206233599365148
1.8505577839567888
4.3050939753015252
3.3765148643090663
4.8115797446330681
3.4483236109720496
4.2445513054365458
3.9579950125173928
3.2878597107780219
4.5603246006154876
4.1353273289139967
2.3053498669404280
2.7197704202363417
2.0591257710302364
2.7990500139318319
2.2238700167167735
3.0619212904729620
1.0374596741326478
1.1063176221710278
1.2212375832503182
0.9206556061918596
1.3427252065005610
1.1958181041476623
1.4599592477348380
1.6612341578426550
1.2733407430548667
1.4276220615035382
1.6766280493593346
1.2444227446921008
0.7929904512197439
1.0078683119466969
0.8402540224427971
0.9639743431565998
1.8025215891374005
1.3151402449110603
1.6124702674932792
1.7208030862995229
1.3757970319061017
1.4738260893685764
2.2943659665085452
2.0292304042280001
1.9388783713490672
2.6101071230237025
1.5407564491330614
1.7688154014238624
1.4381786095366231
1.8038915965458666
1.5278602778978745
1.7327948093179972
1.6884755941549252
1.4680377084402816
1.8366829389845674
3.4361101407423202
2.2681765772629991
2.9887870357487527
3.1609934637104335
2.4392431426045547
1.3392207212653673
1.6301022666812512
1.3706550904395807
1.4047316329825135
1.5311689495650729
1.5297902939936665
2.6459632071188541
2.1022998011854543
2.1631935873566088
2.8949289481230762
1.9462673297955422
2.5558918080544477
0.9273436424930338
0.9675620597033670
1.0534682584673865
0.8420431336687991
1.2595974091521598
1.0512349002186403
1.2104698395875815
1.1799369032314946
1.2944557491894997
1.0535576687620416
1.1775119702997303
1.2422223812261699
1.0500502036147350
0.7772755065486115
0.9246474017238484
0.7931019598189285
0.8548618759404367
0.8801956190407623
1.2193057408845025
1.0740723415732412
1.1963246580488036
1.2132180297836341
1.1223460682186721
1.1361525392810079
1.0563475210981172
0.9831400069471663
1.1128149788243147
0.9456188203945037
1.0646308449747373
0.9178839069286537
1.8269218127188331
2.0693777721374556
1.5696957869016666
2.4129877633634012
2.3704904313973825
2.2597848145545827
1.2591584784996759
1.7480517130855957
1.3809667455933721
1.6627778239221125
4.4875247115643679
2.7401943393517150
3.2639454590948587
2.5845264869466038
1.9255294706942878
2.1416531796712941
1.7079069198820498
2.4606738160584287
2.3852154899127860
2.3037301101404482
1.4926609935842265
1.8478636793355727
1.5637694008663376
1.7824798131619428
4.4566731157458275
2.7715351049034873
3.2700195346168512
2.6238862313361673
1.4841227614468191
1.3323284883874935
1.3084184015903582
1.5672084587990267
1.9593552708837654
1.4638658699624569
1.9301408765593582
1.2042205056463471
1.3117924039426974
1.2186408239927062
1.3189669686437087
1.2766315822212773
1.7284105807437646
1.3844844056371801
1.6491635800233466
1.4410668106730038
1.8226673946152971
1.4227812592338029
1.8840676520997899
1.5183746793311235
1.6227154734216904
1.3740339053393846
17.7123932534518040
9.9413226331767586
12.4058739398570133
19.0147766687612112
3.0952483474955677
5.4878416259870786
3.0554207484687748
6.2422502884429516
7.0934708202331711
8.7635623790196409
4.8177042554139593
9.4150282458644057
20.4131484279702171
10.3082989179909905
19.9436047744913161
14.0323441656891141
2.8740369461242135
5.3307361425476758
2.9806151190499279
3.7112376244392542
4.0165987491038333
5.1034151198149162
1.9901857176032831
1.5384822593025325
1.7370578337691165
1.9354684610977895
1.9708577929526641
1.5323294083820045
1.9645258987511625
1.6813083887386575
1.4954413156674498
1.4943952932488924
1.5750438761464876
1.5150278254784166
1.5602982776932102
1.8034459108208905
1.5096113598866385
1.8728774788501725
1.5623976553136409
1.6632267740186908
1.9014595661853397
1.5357163017096140
1.9409660270754467
1.6460880927709842
1.6883715661377576
1.5297127924602500
1.4007276556248911
1.4629505059239949
1.4962359269017391
1.4319996083237325
1.5191750124923422
1.4739498116933691
17.5077496269902646
9.8704253141932945
12.2554491283825193
18.8530406987149100
3.0984709173694762
5.4743471995708592
3.0651801630231468
4.1243723659127225
6.1752988848335937
7.0436504679227223
8.6578743439769248
4.7876391381620405
9.3235375074651152
20.3772396997647505
10.2633580041779666
19.8396048419914734
14.6041607720055939
13.9425704446408005
2.8977679668727814
5.3096517564941941
2.9971702509713651
3.7107541049052206
4.0146743605467474
5.0766630889169120
7.5651987208908125
7.5466936129757727
5.5662128079743720
10.4905996214455222
5.5615683578061619
10.4751989463609085
