0.000000
0.000000
0.000000
0.000000
0.000000
0.000000
0.000000
0.000000
0.000000
0.000000
0.000000
0.000000
0.000000
0.000000
0.000000
0.000000
0.000000
0.000000
0.000000
0.000000
0.000000
0.000000
0.000000
0.000000
0.000000
0.000000
0.000000
0.000000
0.000000
0.000000
0.000000
0.000000
0.000000
0.000000
0.000000
0.000000
0.000000
0.000000
0.000000
0.000000
0.000000
0.000000
0.000000
0.000000
0.000000
0.000000
0.000000
0.000000
0.000000
0.000000
0.000000
0.000000
0.000000
0.000000
0.000000
0.000000
0.000000
0.000000
0.000000
0.000000
0.000000
0.000000
0.000000
0.000000
0.000000
0.000000
0.000000
0.000000
0.000000
0.000000
0.000000
0.000000
0.000000
0.000000
0.000000
0.000000
0.000000
0.000000
0.000000
0.000000
0.000000
0.000000
0.000000
0.000000
0.000000
0.000000
0.000000
0.000000
0.000000
0.000000
0.000000
0.000000
0.000000
0.000000
0.000000
0.000000
0.000000
0.000000
0.000000
0.000000
0.000000
0.000000
0.000000
0.000000
0.000000
0.000000
0.000000
0.000000
0.000000
0.000000
0.000000
0.000000
0.000000
0.000000
0.000000
0.000000
0.000000
0.000000
0.000000
0.000000
0.000000
0.000000
0.000000
0.000000
0.000000
0.000000
0.000000
0.000000
0.000000
0.000000
0.000000
0.000000
0.000000
0.000000
0.000000
0.000000
0.000000
0.000000
0.000000
0.000000
0.000000
0.000000
0.000000
0.000000
0.000000
0.000000
0.000000
0.000000
0.000000
0.000000
0.000000
0.000000
0.000000
0.000000
0.000000
0.000000
0.000000
0.000000
0.000000
0.000000
0.000000
0.000000
0.000000
0.000000
0.000000
0.000000
0.000000
0.000000
0.000000
0.000000
0.000000
0.000000
0.000000
0.000000
0.000000
0.000000
0.000000
0.000000
0.000000
0.000000
0.000000
0.000000
0.000000
0.000000
0.000000
0.000000
0.000000
0.000000
0.000000
0.000000
0.000000
0.000000
0.000000
0.000000
0.000000
0.000000
0.000000
0.000000
0.000000
0.000000
0.000000
0.000000
0.000000
0.000000
0.000000
0.000000
0.000000
0.000000
0.000000
0.000000
0.000000
0.000000
0.000000
0.000000
0.000000
0.000000
0.000000
0.000000
0.000000
0.000000
0.000000
0.000000
0.000000
0.000000
0.000000
0.000000
0.000000
0.000000
0.000000
0.000000
0.000000
0.000000
0.000000
0.000000
0.000000
0.000000
0.000000
0.000000
0.000000
0.000000
0.000000
0.000000
0.000000
0.000000
0.000000
0.000000
0.000000
0.000000
0.000000
0.000000
0.000000
0.000000
0.000000
0.000000
0.000000
0.000000
0.000000
0.000000
0.000000
0.000000
0.000000
0.000000
0.000000
0.000000
0.000000
0.000000
0.000000
0.000000
0.000000
0.000000
0.000000
0.000000
0.000000
0.000000
0.000000
0.000000
0.000000
0.000000
0.000000
0.000000
0.000000
0.000000
0.000000
0.000000
0.000000
0.000000
0.000000
0.000000
0.000000
0.000000
0.000000
0.000000
0.000000
0.000000
0.000000
0.000000
0.000000
0.000000
0.000000
0.000000
0.000000
0.000000
0.000000
0.000000
0.000000
0.000000
0.000000
0.000000
0.000000
0.000000
0.000000
0.000000
0.000000
0.000000
0.000000
0.000000
0.000000
0.000000
0.000000
0.000000
0.000000
0.000000
0.000000
1.676830
1.053578
0.599499
0.302969
0.000000
0.000000
0.000000
0.000000
0.000000
0.000000
0.000000
0.000000
0.000000
0.000000
0.000000
0.000000
0.000000
0.000000
0.000000
0.000000
0.000000
0.000000
0.000000
0.000000
0.000000
0.000000
0.000000
0.000000
0.000000
0.000000
0.000000
0.000000
0.000000
0.000000
0.000000
0.000000
0.000000
0.000000
0.000000
0.000000
0.000000
0.000000
0.000000
0.000000
0.000000
0.000000
81.046795
43.300606
21.593780
11.546606
6.369232
3.557324
1.997086
1.107153
0.606188
0.323335
0.168921
0.081773
0.000000
0.000000
0.000000
0.000000
0.000000
0.000000
0.000000
0.000000
0.000000
0.000000
0.000000
0.000000
0.000000
0.000000
0.000000
0.000000
0.000000
0.000000
0.000000
0.000000
0.000000
0.000000
0.000000
0.000000
0.000000
0.000000
0.000000
0.000000
0.000000
0.000000
0.000000
0.000000
0.000000
0.000000
0.000000
52.765756
394.329000
568.861753
185.838091
76.342624
37.318318
19.076764
10.056791
5.472907
3.060729
1.727211
0.979255
0.560617
0.332949
0.209362
0.139742
0.093557
0.044796
0.000000
0.000000
0.000000
0.000000
0.000000
0.000000
0.000000
0.000000
0.000000
0.000000
0.000000
0.000000
0.000000
0.000000
0.000000
0.000000
0.000000
0.000000
0.000000
0.000000
0.000000
0.000000
0.000000
0.000000
0.000000
0.000000
0.000000
0.000000
0.000000
0.000000
0.000000
24.425014
85.573111
199.596993
229.251057
146.892385
75.690597
39.649102
21.346403
11.680185
6.446334
3.653622
2.103304
1.224132
0.729596
0.465018
0.324250
0.256619
0.228206
0.207432
0.161391
0.000000
0.000000
0.000000
0.000000
0.000000
0.000000
0.000000
0.000000
0.000000
0.000000
0.000000
0.000000
0.000000
0.000000
0.000000
0.000000
0.000000
0.000000
0.000000
0.000000
0.000000
0.000000
0.000000
0.000000
0.000000
0.000000
0.000000
0.000000
2.324623
11.230402
30.343764
62.738233
97.575756
112.236253
86.043086
56.359617
33.479036
19.558927
11.238581
6.447642
3.768028
2.218617
1.331545
0.830586
0.560496
0.430590
0.386263
0.396410
0.436228
0.462633
0.415838
0.206678
0.000000
0.000000
0.000000
0.000000
0.000000
0.000000
0.000000
0.000000
0.000000
0.000000
0.000000
0.000000
0.000000
0.000000
0.000000
0.000000
0.000000
0.000000
0.000000
0.000000
0.000000
0.000000
0.000000
0.000000
0.000000
1.194767
4.829153
11.623508
23.174899
39.007199
53.395242
58.355793
51.052686
36.902065
24.623895
15.448362
9.518581
5.735653
3.468656
2.123990
1.329691
0.866403
0.631349
0.531798
0.534501
0.618549
0.758228
0.913964
1.054974
1.009063
0.570912
0.000000
0.000000
0.000000
0.000000
0.000000
0.000000
0.000000
0.000000
0.000000
0.000000
0.000000
0.000000
0.000000
0.000000
0.000000
0.000000
0.000000
0.000000
0.000000
0.000000
0.000000
0.000000
0.000000
0.563992
2.133677
4.885525
9.462181
16.067393
23.690032
29.998613
32.386254
29.143339
23.532685
16.819880
11.418927
7.398103
4.710977
2.977886
1.904603
1.240666
0.863755
0.679820
0.638398
0.713422
0.898135
1.188786
1.594729
2.028212
2.411378
2.274906
1.148765
0.000000
0.000000
0.000000
0.000000
0.000000
0.000000
0.000000
0.000000
0.000000
0.000000
0.000000
0.000000
0.000000
0.000000
0.000000
0.000000
0.000000
0.000000
0.000000
0.000000
0.000000
0.181430
0.909392
2.144111
4.099725
6.947537
10.454611
14.326328
17.276983
18.346898
17.337266
14.321084
11.101461
8.000035
5.494048
3.654340
2.425900
1.617902
1.115864
0.837400
0.727509
0.750895
0.917775
1.240177
1.764281
2.500173
3.502373
4.605887
5.452480
5.145989
0.000000
0.000000
0.000000
0.000000
0.000000
0.000000
0.000000
0.000000
0.000000
0.000000
0.000000
0.000000
0.000000
0.000000
0.000000
0.000000
0.000000
0.000000
0.000000
0.000000
0.000000
0.369727
0.931561
1.818107
3.086314
4.739443
6.767756
8.655839
10.247911
10.749226
10.214129
8.941195
7.130604
5.408157
3.929871
2.748960
1.906115
1.345959
0.995575
0.813314
0.771018
0.872829
1.143152
1.629959
2.414879
3.636834
5.435313
7.899143
10.710013
12.961221
11.719566
0.000000
0.000000
0.000000
0.000000
0.000000
0.000000
0.000000
0.000000
0.000000
0.000000
0.000000
0.000000
0.000000
0.000000
0.000000
0.000000
0.000000
0.000000
0.000000
0.138905
0.411601
0.825510
1.406697
2.217941
3.190524
4.276676
5.344129
6.085395
6.408286
6.215701
5.477967
4.632522
3.647880
2.761296
2.052823
1.504277
1.132385
0.900657
0.798511
0.826706
1.002488
1.375733
2.032008
3.133035
4.936180
7.734541
12.139974
18.249977
26.714874
32.804625
23.574867
0.000000
0.000000
0.000000
0.000000
0.000000
0.000000
0.000000
0.000000
0.000000
0.000000
0.000000
0.000000
0.000000
0.000000
0.000000
0.000000
0.000000
0.000000
0.185553
0.396504
0.683815
1.076860
1.567169
2.151372
2.767746
3.325183
3.761476
3.918561
3.819725
3.522510
3.016664
2.504296
1.999716
1.558953
1.226592
0.988914
0.851839
0.816942
0.895338
1.132645
1.589912
2.405763
3.793900
6.112677
10.055017
16.495002
27.648537
45.476357
72.050082
99.443173
0.000000
0.000000
0.000000
0.000000
0.000000
0.000000
0.000000
0.000000
0.000000
0.000000
0.000000
0.000000
0.000000
0.000000
0.000000
0.000000
0.000000
0.082130
0.213833
0.376663
0.581069
0.833472
1.144662
1.483828
1.839838
2.150357
2.386206
2.520310
2.492372
2.323375
2.097203
1.819465
1.533739
1.287332
1.085261
0.944621
0.871972
0.877204
0.988354
1.262020
1.770924
2.705982
4.287606
7.042973
11.673047
20.029797
34.941986
62.524861
120.807457
246.710679
483.115527
0.000000
0.000000
0.000000
0.000000
0.000000
0.000000
0.000000
0.000000
0.000000
0.000000
0.000000
0.000000
0.000000
0.000000
0.000000
0.000000
0.132521
0.255548
0.386284
0.534600
0.702938
0.895379
1.107147
1.315453
1.512235
1.659193
1.746951
1.759382
1.724735
1.623489
1.489406
1.349719
1.221600
1.104699
1.021164
0.979992
1.004025
1.123226
1.397239
1.916467
2.871259
4.487367
7.364030
12.262128
21.267948
36.973370
68.284263
128.551742
280.569163
557.044949
0.000000
0.000000
0.000000
0.000000
0.000000
0.000000
0.000000
0.000000
0.000000
0.000000
0.000000
0.000000
0.000000
0.000000
0.000000
0.063888
0.208673
0.337622
0.456861
0.571017
0.687607
0.808493
0.939930
1.072104
1.201856
1.318843
1.410743
1.471564
1.506873
1.496771
1.470768
1.430645
1.373957
1.311685
1.257460
1.219844
1.231687
1.328261
1.567679
2.039927
2.915167
4.471648
7.102260
11.710341
19.484908
33.280378
56.681072
97.995156
150.579474
162.037084
45.192875
0.000000
0.000000
0.000000
0.000000
0.000000
0.000000
0.000000
0.000000
0.000000
0.000000
0.000000
0.000000
0.000000
0.000000
0.148661
0.341126
0.496204
0.618941
0.716147
0.796904
0.873749
0.955361
1.048892
1.154571
1.267386
1.386513
1.503900
1.608882
1.697890
1.771025
1.800136
1.794224
1.763078
1.717222
1.663867
1.624023
1.648974
1.806790
2.177253
2.896361
4.188447
6.391484
10.096569
16.147648
25.788682
40.247941
58.875167
74.145015
68.898137
28.166513
0.000000
0.000000
0.000000
0.000000
0.000000
0.000000
0.000000
0.000000
0.000000
0.000000
0.000000
0.000000
0.000000
0.000000
0.296160
0.581352
0.795385
0.939221
1.022852
1.070371
1.101137
1.142504
1.214575
1.318624
1.465612
1.642922
1.843330
2.060672
2.266595
2.446723
2.552700
2.619080
2.603220
2.516776
2.411275
2.277424
2.187551
2.188151
2.384398
2.881429
3.814040
5.482671
8.107267
12.288564
18.134741
26.205388
34.129301
38.586896
32.486811
16.268065
0.000000
0.000000
0.000000
0.000000
0.000000
0.000000
0.000000
0.000000
0.000000
0.000000
0.000000
0.000000
0.000000
0.000000
0.559540
1.004678
1.324350
1.506050
1.572325
1.565605
1.541248
1.535066
1.582865
1.707239
1.909880
2.188486
2.535093
2.917407
3.300390
3.637858
3.904661
4.048301
4.036445
3.892859
3.629726
3.332835
3.040388
2.827004
2.766102
2.965938
3.537547
4.552969
6.339355
8.784287
12.287414
16.214472
19.471501
20.315927
16.776013
9.021775
0.000000
0.000000
0.000000
0.000000
0.000000
0.000000
0.000000
0.000000
0.000000
0.000000
0.000000
0.000000
0.000000
0.000000
1.017802
1.751912
2.253478
2.479114
2.505823
2.390404
2.253880
2.168849
2.188359
2.347714
2.652315
3.120919
3.712361
4.368954
5.047831
5.679226
6.149296
6.405748
6.389582
6.128932
5.667259
5.058402
4.425957
3.876818
3.470379
3.278326
3.408225
3.946888
4.849856
6.269537
8.050049
9.834624
11.110307
11.018366
9.017167
5.016241
0.000000
0.000000
0.000000
0.000000
0.000000
0.000000
0.000000
0.000000
0.000000
0.000000
0.000000
0.000000
0.000000
0.000000
1.836181
3.101595
3.908670
4.173003
4.046511
3.714369
3.355933
3.114380
3.077111
3.278987
3.768760
4.515472
5.488547
6.632575
7.829661
8.932872
9.791023
10.247572
10.230099
9.760661
8.884533
7.779800
6.600565
5.489891
4.580031
3.930436
3.582468
3.581252
3.898803
4.501413
5.299700
6.054063
6.460475
6.181015
4.916920
2.822376
0.000000
0.000000
0.000000
0.000000
0.000000
0.000000
0.000000
0.000000
0.000000
0.000000
0.000000
0.000000
0.000000
0.000000
3.222051
5.566884
6.925809
7.175216
6.669411
5.819762
5.022648
4.482554
4.315628
4.599546
5.338580
6.566607
8.226126
10.179501
12.265803
14.305099
15.919481
16.796478
16.739929
15.838610
14.210282
12.142813
10.008438
8.045015
6.339219
5.016482
4.121283
3.604678
3.396997
3.451482
3.681687
3.882501
3.906267
3.594500
2.804736
1.627402
0.000000
0.000000
0.000000
0.000000
0.000000
0.000000
0.000000
0.000000
0.000000
0.000000
0.000000
0.000000
0.000000
0.000000
5.720781
10.251296
12.394875
12.419975
10.911849
9.049424
7.415107
6.290930
5.953561
6.318278
7.510015
9.475742
12.171838
15.512328
19.261163
22.853665
25.835138
27.434348
27.411389
25.673844
22.650591
19.006086
15.243142
11.776315
8.934546
6.712640
5.083043
3.995563
3.321938
2.936718
2.765300
2.660245
2.487835
2.172285
1.642446
0.926396
0.000000
0.000000
0.000000
0.000000
0.000000
0.000000
0.000000
0.000000
0.000000
0.000000
0.000000
0.000000
0.000000
0.000000
10.353019
19.201627
22.670692
21.522240
17.744122
13.767663
10.516010
8.653322
7.922187
8.534910
10.344079
13.442192
17.821605
23.553427
30.172414
36.845490
42.336224
45.643860
45.483803
42.181145
36.381537
29.788598
23.096910
17.249123
12.591344
9.084489
6.519657
4.736303
3.581851
2.817934
2.335731
2.005824
1.720407
1.400146
1.004620
0.527468
0.000000
0.000000
0.000000
0.000000
0.000000
0.000000
0.000000
0.000000
0.000000
0.000000
0.000000
0.000000
0.000000
0.000000
19.198262
37.107645
42.713571
37.289600
28.277997
20.196635
14.609283
11.324248
10.281560
11.124380
13.871215
18.625535
25.818386
35.290590
46.708629
58.961451
69.892078
76.566394
76.227883
69.553248
58.349267
45.960526
34.566918
25.019804
17.576353
12.181719
8.430293
5.822303
4.105109
2.975406
2.217377
1.713925
1.327217
0.991028
0.656584
0.303289
0.000000
0.000000
0.000000
0.000000
0.000000
0.000000
0.000000
0.000000
0.000000
0.000000
0.000000
0.000000
0.000000
0.000000
32.944224
81.048436
85.132939
64.067367
43.027188
28.048685
18.876408
14.160351
12.719332
14.033736
17.994144
25.251809
36.300894
51.723011
71.462703
94.887379
115.620920
129.133154
128.409857
114.678599
93.662349
70.530787
50.622002
35.302615
24.002163
16.083833
10.775948
7.220938
4.840506
3.327493
2.311269
1.633930
1.156522
0.787776
0.471516
0.175116
0.000000
0.000000
0.000000
0.000000
0.000000
0.000000
0.000000
0.000000
0.000000
0.000000
0.000000
0.000000
0.000000
0.000000
56.054974
194.517085
166.871976
101.661390
58.748750
35.295837
22.451715
16.490603
14.861405
16.851493
22.542880
32.867375
49.051180
73.425146
107.562267
150.333929
192.734140
221.995354
220.932653
190.589236
147.814354
105.828214
72.243922
47.876234
31.576559
20.575565
13.375124
8.766643
5.762633
3.802601
2.537528
1.676202
1.104783
0.685655
0.361957
0.081844
0.000000
0.000000
0.000000
0.000000
0.000000
0.000000
0.000000
0.000000
0.000000
0.000000
0.000000
0.000000
0.000000
0.000000
0.000000
687.362438
284.037619
126.938711
67.365348
37.976233
24.052382
17.628256
16.498823
19.316508
27.152314
40.643388
63.327068
99.397110
154.908404
231.437582
323.093972
397.245353
393.834489
319.602986
226.661798
151.998192
97.832852
62.333814
39.540126
25.468688
16.177309
10.449242
6.731217
4.355488
2.808445
1.796374
1.103890
0.633808
0.276567
0.000000
0.000000
0.000000
0.000000
0.000000
0.000000
0.000000
0.000000
0.000000
0.000000
0.000000
0.000000
0.000000
0.000000
0.000000
0.000000
351.859379
212.703493
108.480248
60.177222
35.296722
23.095724
17.584186
17.126657
21.164656
30.433390
47.386327
76.794487
125.064093
206.338430
340.062112
536.566924
738.513231
725.764326
525.506225
333.232028
202.080963
123.268514
76.288970
47.108591
29.680776
18.878977
12.106938
7.753278
4.986854
3.122532
1.928814
1.122577
0.574313
0.183328
0.000000
0.000000
0.000000
0.000000
0.000000
0.000000
0.000000
0.000000
0.000000
0.000000
0.000000
0.000000
0.000000
0.000000
0.000000
0.000000
0.000000
80.884696
64.394137
42.640406
27.794363
19.505144
16.092015
16.957544
21.828619
32.444207
51.864052
85.078944
143.368440
248.529636
434.066276
816.174823
1442.065362
1408.547607
789.003512
423.740513
243.490154
141.911455
85.930159
53.108642
33.414034
21.269736
13.771409
8.776681
5.572416
3.451608
2.030123
1.116695
0.477661
0.000000
0.000000
0.000000
0.000000
0.000000
0.000000
0.000000
0.000000
0.000000
0.000000
0.000000
0.000000
0.000000
0.000000
0.000000
0.000000
0.000000
0.000000
18.935962
29.099626
25.002798
19.053193
15.081290
13.940456
15.668788
21.305855
32.239540
52.210710
86.158828
146.511813
253.832166
456.390965
878.125849
1828.078012
1764.124846
844.170147
444.248162
251.047022
147.150464
89.730393
56.425833
36.189447
23.580150
15.350583
9.902128
6.189445
3.729427
2.077422
1.005032
0.298492
0.000000
0.000000
0.000000
0.000000
0.000000
0.000000
0.000000
0.000000
0.000000
0.000000
0.000000
0.000000
0.000000
0.000000
0.000000
0.000000
0.000000
0.000000
0.000000
9.907040
12.482890
11.675116
10.913215
11.295528
13.846968
19.648958
30.141365
48.559883
79.233100
133.218444
223.402281
379.327011
634.805372
972.801884
961.017571
620.704191
371.559133
224.383078
138.621974
87.806980
57.839725
38.846972
26.234432
17.371234
11.087459
6.806748
3.872003
1.975959
0.756451
0.000000
0.000000
0.000000
0.000000
0.000000
0.000000
0.000000
0.000000
0.000000
0.000000
0.000000
0.000000
0.000000
0.000000
0.000000
0.000000
0.000000
0.000000
0.000000
0.000000
0.000000
5.190478
6.532968
7.366887
8.778500
11.656253
17.101603
26.387908
42.071437
67.502227
108.646477
172.702487
268.567266
399.510434
503.709688
501.300283
397.814978
269.492847
180.226963
120.995267
83.600869
60.403548
43.464672
30.371053
20.160566
12.582023
7.237022
3.819711
1.557871
0.000000
0.000000
0.000000
0.000000
0.000000
0.000000
0.000000
0.000000
0.000000
0.000000
0.000000
0.000000
0.000000
0.000000
0.000000
0.000000
0.000000
0.000000
0.000000
0.000000
0.000000
0.000000
1.187431
3.165382
4.647872
6.419481
9.282152
13.960734
21.772551
33.821797
53.013219
82.022854
122.620178
179.533289
238.021303
280.466284
280.341970
240.883883
186.872658
137.880934
105.322329
83.670348
67.563727
52.844161
37.886169
24.267980
14.036684
7.168572
3.061100
0.000000
0.000000
0.000000
0.000000
0.000000
0.000000
0.000000
0.000000
0.000000
0.000000
0.000000
0.000000
0.000000
0.000000
0.000000
0.000000
0.000000
0.000000
0.000000
0.000000
0.000000
0.000000
0.000000
0.000000
0.834050
2.445358
4.245225
6.797347
10.675390
16.639008
25.666674
39.237340
58.055599
83.440881
113.280272
141.528235
162.945896
164.614912
147.879327
126.867735
107.454492
97.218968
94.086095
89.821792
73.907278
50.861957
29.703475
14.641770
5.917074
0.000000
0.000000
0.000000
0.000000
0.000000
0.000000
0.000000
0.000000
0.000000
0.000000
0.000000
0.000000
0.000000
0.000000
0.000000
0.000000
0.000000
0.000000
0.000000
0.000000
0.000000
0.000000
0.000000
0.000000
0.000000
0.000000
0.000000
2.176406
4.330230
7.373965
11.844765
18.212203
27.224065
39.121758
53.810949
70.239304
86.004772
95.795947
98.363274
94.868286
88.615220
87.815488
99.441642
124.445150
141.652882
119.162213
71.068866
32.690603
11.340309
0.000000
0.000000
0.000000
0.000000
0.000000
0.000000
0.000000
0.000000
0.000000
0.000000
0.000000
0.000000
0.000000
0.000000
0.000000
0.000000
0.000000
0.000000
0.000000
0.000000
0.000000
0.000000
0.000000
0.000000
0.000000
0.000000
0.000000
0.000000
0.000000
1.768622
4.116691
7.250752
11.674914
17.511695
24.852281
33.615495
42.903093
50.763063
56.444832
59.169675
60.285290
63.189254
73.787724
105.740707
177.576693
285.841598
221.347132
87.567762
20.811726
0.000000
0.000000
0.000000
0.000000
0.000000
0.000000
0.000000
0.000000
0.000000
0.000000
0.000000
0.000000
0.000000
0.000000
0.000000
0.000000
0.000000
0.000000
0.000000
0.000000
0.000000
0.000000
0.000000
0.000000
0.000000
0.000000
0.000000
0.000000
0.000000
0.000000
0.000000
0.000000
2.977275
5.926648
9.661526
14.073835
19.184520
24.134638
28.876528
32.527988
34.860062
37.021354
41.915382
54.934043
91.772481
197.977762
655.541833
383.301551
0.000000
0.000000
0.000000
0.000000
0.000000
0.000000
0.000000
0.000000
0.000000
0.000000
0.000000
0.000000
0.000000
0.000000
0.000000
0.000000
0.000000
0.000000
0.000000
0.000000
0.000000
0.000000
0.000000
0.000000
0.000000
0.000000
0.000000
0.000000
0.000000
0.000000
0.000000
0.000000
0.000000
0.000000
0.000000
0.000000
2.836883
5.516045
8.358316
11.367613
13.932416
15.891157
17.275172
18.613037
21.152796
27.685456
40.160015
62.247782
0.000000
0.000000
0.000000
0.000000
0.000000
0.000000
0.000000
0.000000
0.000000
0.000000
0.000000
0.000000
0.000000
0.000000
0.000000
0.000000
0.000000
0.000000
0.000000
0.000000
0.000000
0.000000
0.000000
0.000000
0.000000
0.000000
0.000000
0.000000
0.000000
0.000000
0.000000
0.000000
0.000000
0.000000
0.000000
0.000000
0.000000
0.000000
0.000000
0.000000
0.000000
0.000000
0.000000
0.000000
0.000000
0.000000
0.000000
0.000000
0.000000
0.000000
0.000000
0.000000
0.000000
0.000000
0.000000
0.000000
0.000000
0.000000
0.000000
0.000000
0.000000
0.000000
0.000000
0.000000
0.000000
0.000000
0.000000
0.000000
0.000000
0.000000
0.000000
0.000000
0.000000
0.000000
0.000000
0.000000
0.000000
0.000000
0.000000
0.000000
0.000000
0.000000
0.000000
0.000000
0.000000
0.000000
0.000000
0.000000
0.000000
0.000000
0.000000
0.000000
0.000000
0.000000
0.000000
0.000000
0.000000
0.000000
0.000000
0.000000
0.000000
0.000000
0.000000
0.000000
0.000000
0.000000
0.000000
0.000000
0.000000
0.000000
0.000000
0.000000
0.000000
0.000000
0.000000
0.000000
0.000000
0.000000
0.000000
0.000000
0.000000
0.000000
0.000000
0.000000
0.000000
0.000000
0.000000
0.000000
0.000000
0.000000
0.000000
0.000000
0.000000
0.000000
0.000000
0.000000
0.000000
0.000000
0.000000
0.000000
0.000000
0.000000
0.000000
0.000000
0.000000
0.000000
0.000000
0.000000
0.000000
0.000000
0.000000
0.000000
0.000000
0.000000
0.000000
0.000000
0.000000
0.000000
0.000000
0.000000
0.000000
0.000000
0.000000
0.000000
0.000000
0.000000
0.000000
0.000000
0.000000
0.000000
0.000000
0.000000
0.000000
0.000000
0.000000
0.000000
0.000000
0.000000
0.000000
0.000000
0.000000
0.000000
0.000000
0.000000
0.000000
0.000000
0.000000
0.000000
0.000000
0.000000
0.000000
0.000000
0.000000
0.000000
0.000000
0.000000
0.000000
0.000000
0.000000
0.000000
0.000000
0.000000
0.000000
0.000000
0.000000
0.000000
0.000000
0.000000
0.000000
0.000000
0.000000
0.000000
0.000000
0.000000
0.000000
0.000000
0.000000
0.000000
0.000000
0.000000
0.000000
0.000000
0.000000
0.000000
0.000000
0.000000
0.000000
0.000000
0.000000
0.000000
0.000000
0.000000
0.000000
0.000000
0.000000
0.000000
0.000000
0.000000
0.000000
0.000000
0.000000
0.000000
0.000000
0.000000
0.000000
0.000000
0.000000
0.000000
0.000000
0.000000
0.000000
0.000000
0.000000
0.000000
0.000000
0.000000
0.000000
0.000000
0.000000
0.000000
0.000000
0.000000
0.000000
0.000000
0.000000
0.000000
0.000000
0.000000
0.000000
0.000000
0.000000
0.000000
0.000000
0.000000
0.000000
0.000000
0.000000
0.000000
0.000000
0.000000
0.000000
0.000000
0.000000
0.000000
0.000000
0.000000
0.000000
0.000000
0.000000
0.000000
0.000000
0.000000
0.000000
0.000000
0.000000
0.000000
0.000000
0.000000
0.000000
0.000000
0.000000
0.000000
0.000000
0.000000
0.000000
0.000000
0.000000
0.000000
0.000000
0.000000
0.000000
0.000000
0.000000
0.000000
0.000000
0.000000
0.000000
0.000000
0.000000
0.000000
0.000000
0.000000
0.000000
0.000000
0.000000
0.000000
0.000000
0.000000
0.000000
0.000000
0.000000
0.000000
0.000000
0.000000
0.000000
0.000000
0.000000
0.000000
0.000000
0.000000
0.000000
0.000000
0.000000
0.000000
0.000000
0.000000
0.000000
0.000000
0.000000
0.000000
0.000000
0.000000
0.000000
0.000000
0.000000
0.000000
0.000000
0.000000
0.000000
0.000000
0.000000
0.000000
0.000000
0.000000
0.000000
0.000000
0.000000
0.000000
0.000000
